0, 5
1, 9
2, 12
3, 17
4, 19
5, 25
6, 29
7, 34
8, 40
9, 47
10, 47
11, 50
12, 50
13, 49
14, 54
15, 53
16, 53
17, 49
18, 48
19, 47
20, 45
21, 41
22, 46
23, 44
24, 41
25, 37
26, 39
27, 44
28, 41
29, 38
30, 38
31, 39
32, 33
33, 36
34, 39
35, 42
36, 41
37, 38
38, 42
39, 39
40, 43
41, 42
42, 42
43, 43
44, 39
45, 36
46, 34
47, 35
48, 33
49, 39
50, 33
51, 36
52, 41
53, 36
54, 35
55, 39
56, 42
57, 41
58, 42
59, 37
60, 41
61, 39
62, 35
63, 38
64, 41
65, 40
66, 41
67, 41
68, 37
69, 41
70, 43
71, 40
72, 44
73, 43
74, 44
75, 42
76, 38
77, 41
78, 41
79, 37
80, 36
81, 41
82, 37
83, 38
84, 37
85, 36
86, 35
87, 34
88, 36
89, 40
90, 36
91, 35
92, 34
93, 34
94, 35
95, 40
96, 45
97, 47
98, 49
99, 47
100, 47
101, 47
102, 48
103, 51
104, 49
105, 46
106, 44
107, 41
108, 41
109, 43
110, 42
111, 41
112, 39
113, 37
114, 41
115, 42
116, 45
117, 48
118, 50
119, 49
120, 52
121, 53
122, 57
123, 59
124, 57
125, 57
126, 53
127, 50
128, 47
129, 44
130, 45
131, 43
132, 45
133, 43
134, 42
135, 42
136, 42
137, 50
138, 54
139, 56
140, 59
141, 56
142, 52
143, 52
144, 49
145, 51
146, 55
147, 49
148, 44
149, 48
150, 43
151, 53
152, 54
153, 54
154, 57
155, 59
156, 56
157, 52
158, 53
159, 46
160, 45
161, 38
162, 38
163, 35
164, 32
165, 27
166, 24
167, 28
168, 25
169, 29
170, 32
171, 33
172, 31
173, 36
174, 34
175, 32
176, 32
177, 30
178, 33
179, 30
180, 29
181, 28
182, 31
183, 24
184, 28
185, 27
186, 33
187, 32
188, 32
189, 35
190, 37
191, 35
192, 33
193, 38
194, 43
195, 50
196, 43
197, 44
198, 43
199, 44
200, 41
201, 44
202, 44
203, 43
204, 41
205, 35
206, 36
207, 37
208, 38
209, 35
210, 36
211, 38
212, 40
213, 41
214, 42
215, 45
216, 47
217, 51
218, 51
219, 53
220, 57
221, 53
222, 52
223, 54
224, 54
225, 55
226, 55
227, 51
228, 54
229, 51
230, 46
231, 49
232, 49
233, 44
234, 37
235, 34
236, 32
237, 30
238, 26
239, 29
240, 32
241, 30
242, 30
243, 31
244, 35
245, 35
246, 36
247, 38
248, 38
249, 37
250, 34
251, 34
252, 33
253, 35
254, 31
255, 32
256, 35
257, 32
258, 30
259, 29
260, 30
261, 32
262, 32
263, 33
264, 35
265, 33
266, 29
267, 31
268, 38
269, 41
270, 44
271, 46
272, 46
273, 44
274, 46
275, 47
276, 49
277, 46
278, 41
279, 38
280, 35
281, 31
282, 34
283, 37
284, 35
285, 38
286, 36
287, 36
288, 38
289, 38
290, 38
291, 41
292, 37
293, 32
294, 34
295, 32
296, 33
297, 35
298, 32
299, 32
300, 36
301, 38
302, 38
303, 39
304, 42
305, 42
306, 43
307, 44
308, 45
309, 49
310, 47
311, 44
312, 45
313, 44
314, 44
315, 45
316, 44
317, 46
318, 46
319, 46
320, 43
321, 40
322, 41
323, 39
324, 36
325, 34
326, 36
327, 35
328, 34
329, 33
330, 35
331, 37
332, 39
333, 40
334, 39
335, 41
336, 43
337, 41
338, 43
339, 44
340, 43
341, 43
342, 40
343, 46
344, 46
345, 45
346, 44
347, 43
348, 46
349, 42
350, 40
351, 41
352, 41
353, 40
354, 40
355, 43
356, 40
357, 43
358, 41
359, 45
360, 45
361, 47
362, 47
363, 45
364, 42
365, 44
366, 43
367, 39
368, 36
369, 33
370, 34
371, 33
372, 37
373, 38
374, 43
375, 36
376, 37
377, 40
378, 41
379, 44
380, 43
381, 39
382, 33
383, 34
384, 32
385, 36
386, 39
387, 37
388, 37
389, 37
390, 40
391, 40
392, 45
393, 43
394, 44
395, 44
396, 43
397, 47
398, 48
399, 46
400, 47
401, 47
402, 43
403, 41
404, 44
405, 42
406, 39
407, 41
408, 40
409, 39
410, 35
411, 39
412, 42
413, 45
414, 43
415, 42
416, 41
417, 33
418, 35
419, 37
420, 38
421, 34
422, 33
423, 31
424, 30
425, 36
426, 39
427, 45
428, 46
429, 44
430, 47
431, 48
432, 47
433, 46
434, 43
435, 37
436, 36
437, 34
438, 32
439, 34
440, 30
441, 29
442, 28
443, 29
444, 33
445, 38
446, 42
447, 43
448, 42
449, 41
450, 47
451, 49
452, 52
453, 52
454, 48
455, 45
456, 41
457, 37
458, 38
459, 38
460, 30
461, 30
462, 30
463, 28
464, 31
465, 29
466, 28
467, 28
468, 30
469, 30
470, 34
471, 30
472, 28
473, 32
474, 29
475, 30
476, 31
477, 34
478, 29
479, 30
480, 31
481, 36
482, 38
483, 39
484, 43
485, 45
486, 43
487, 43
488, 44
489, 46
490, 45
491, 44
492, 42
493, 39
494, 37
495, 34
496, 34
497, 35
498, 38
499, 33
500, 34
501, 32
502, 34
503, 33
504, 33
505, 38
506, 39
507, 38
508, 37
509, 38
510, 36
511, 36
512, 35
513, 36
514, 38
515, 43
516, 44
517, 40
518, 40
519, 41
520, 41
521, 40
522, 36
523, 38
524, 36
525, 27
526, 27
527, 30
528, 29
529, 30
530, 31
531, 35
532, 37
533, 34
534, 35
535, 35
536, 35
537, 34
538, 34
539, 34
540, 36
541, 38
542, 40
543, 41
544, 40
545, 41
546, 41
547, 40
548, 38
549, 37
550, 36
551, 31
552, 28
553, 26
554, 27
555, 26
556, 29
557, 33
558, 37
559, 34
560, 31
561, 30
562, 31
563, 35
564, 35
565, 35
566, 34
567, 34
568, 31
569, 34
570, 36
571, 40
572, 49
573, 47
574, 47
575, 48
576, 44
577, 42
578, 45
579, 46
580, 48
581, 47
582, 41
583, 43
584, 44
585, 43
586, 45
587, 46
588, 44
589, 40
590, 37
591, 35
592, 36
593, 34
594, 31
595, 30
596, 32
597, 32
598, 34
599, 35
600, 34
601, 37
602, 35
603, 37
604, 37
605, 40
606, 37
607, 34
608, 31
609, 30
610, 31
611, 32
612, 31
613, 31
614, 30
615, 29
616, 32
617, 35
618, 38
619, 40
620, 41
621, 37
622, 40
623, 35
624, 35
625, 36
626, 36
627, 35
628, 31
629, 32
630, 30
631, 30
632, 25
633, 32
634, 35
635, 37
636, 35
637, 37
638, 41
639, 38
640, 44
641, 48
642, 51
643, 48
644, 48
645, 46
646, 48
647, 45
648, 44
649, 49
650, 44
651, 41
652, 42
653, 42
654, 39
655, 37
656, 37
657, 39
658, 37
659, 33
660, 33
661, 33
662, 30
663, 28
664, 29
665, 26
666, 24
667, 24
668, 25
669, 30
670, 34
671, 36
672, 38
673, 37
674, 36
675, 39
676, 39
677, 39
678, 43
679, 41
680, 40
681, 39
682, 40
683, 44
684, 45
685, 44
686, 44
687, 46
688, 42
689, 41
690, 37
691, 40
692, 38
693, 38
694, 44
695, 46
696, 45
697, 42
698, 42
699, 42
700, 41
701, 42
702, 42
703, 43
704, 36
705, 33
706, 33
707, 37
708, 38
709, 40
710, 42
711, 40
712, 45
713, 46
714, 46
715, 50
716, 50
717, 47
718, 50
719, 50
720, 50
721, 50
722, 51
723, 48
724, 52
725, 56
726, 60
727, 58
728, 54
729, 52
730, 53
731, 51
732, 45
733, 42
734, 42
735, 36
736, 39
737, 42
738, 45
739, 43
740, 41
741, 42
742, 46
743, 49
744, 45
745, 45
746, 40
747, 36
748, 34
749, 34
750, 34
751, 31
752, 26
753, 27
754, 27
755, 31
756, 28
757, 32
758, 32
759, 32
760, 32
761, 31
762, 31
763, 27
764, 31
765, 31
766, 36
767, 36
768, 35
769, 35
770, 38
771, 42
772, 43
773, 45
774, 44
775, 42
776, 45
777, 46
778, 48
779, 51
780, 53
781, 53
782, 52
783, 56
784, 56
785, 53
786, 45
787, 41
788, 41
789, 37
790, 35
791, 33
792, 36
793, 33
794, 30
795, 32
796, 33
797, 32
798, 27
799, 29
800, 27
801, 29
802, 27
803, 29
804, 32
805, 32
806, 32
807, 34
808, 38
809, 37
810, 36
811, 33
812, 34
813, 33
814, 35
815, 32
816, 35
817, 36
818, 40
819, 43
820, 45
821, 46
822, 44
823, 40
824, 41
825, 46
826, 43
827, 39
828, 38
829, 37
830, 38
831, 40
832, 45
833, 45
834, 43
835, 40
836, 42
837, 52
838, 52
839, 53
840, 51
841, 50
842, 45
843, 48
844, 47
845, 46
846, 45
847, 39
848, 35
849, 33
850, 41
851, 39
852, 42
853, 43
854, 42
855, 46
856, 47
857, 49
858, 50
859, 52
860, 45
861, 47
862, 44
863, 44
864, 44
865, 43
866, 44
867, 44
868, 43
869, 39
870, 38
871, 40
872, 39
873, 38
874, 37
875, 35
876, 33
877, 30
878, 32
879, 32
880, 33
881, 34
882, 35
883, 33
884, 33
885, 35
886, 36
887, 35
888, 35
889, 39
890, 41
891, 42
892, 47
893, 45
894, 46
895, 44
896, 43
897, 41
898, 41
899, 41
900, 40
901, 37
902, 33
903, 35
904, 35
905, 36
906, 38
907, 43
908, 42
909, 42
910, 39
911, 38
912, 36
913, 38
914, 41
915, 41
916, 40
917, 37
918, 38
919, 36
920, 39
921, 37
922, 40
923, 38
924, 33
925, 31
926, 30
927, 33
928, 30
929, 27
930, 27
931, 31
932, 34
933, 40
934, 43
935, 41
936, 44
937, 42
938, 41
939, 49
940, 48
941, 45
942, 41
943, 34
944, 32
945, 37
946, 36
947, 37
948, 40
949, 36
950, 37
951, 41
952, 43
953, 46
954, 48
955, 45
956, 43
957, 44
958, 43
959, 43
960, 40
961, 41
962, 41
963, 41
964, 44
965, 48
966, 48
967, 45
968, 45
969, 43
970, 47
971, 42
972, 44
973, 44
974, 40
975, 36
976, 38
977, 40
978, 42
979, 44
980, 45
981, 44
982, 43
983, 43
984, 40
985, 44
986, 47
987, 48
988, 44
989, 46
990, 40
991, 44
992, 39
993, 38
994, 45
995, 42
996, 40
997, 39
998, 44
999, 43
1000, 46
1001, 42
1002, 45
1003, 42
1004, 37
1005, 44
1006, 41
1007, 39
1008, 36
1009, 33
1010, 35
1011, 40
1012, 40
1013, 47
1014, 49
1015, 42
1016, 42
1017, 42
1018, 47
1019, 49
1020, 47
1021, 44
1022, 42
1023, 36
1024, 33
1025, 35
1026, 34
1027, 37
1028, 39
1029, 41
1030, 41
1031, 41
1032, 40
1033, 42
1034, 45
1035, 49
1036, 53
1037, 49
1038, 45
1039, 51
1040, 51
1041, 48
1042, 49
1043, 53
1044, 50
1045, 45
1046, 47
1047, 51
1048, 54
1049, 45
1050, 42
1051, 44
1052, 46
1053, 41
1054, 43
1055, 42
1056, 39
1057, 38
1058, 31
1059, 30
1060, 30
1061, 34
1062, 38
1063, 38
1064, 35
1065, 39
1066, 39
1067, 41
1068, 41
1069, 41
1070, 47
1071, 44
1072, 44
1073, 44
1074, 45
1075, 47
1076, 44
1077, 38
1078, 45
1079, 48
1080, 44
1081, 44
1082, 39
1083, 38
1084, 42
1085, 36
1086, 37
1087, 40
1088, 34
1089, 34
1090, 36
1091, 36
1092, 39
1093, 45
1094, 43
1095, 43
1096, 43
1097, 42
1098, 43
1099, 43
1100, 42
1101, 43
1102, 41
1103, 39
1104, 37
1105, 37
1106, 37
1107, 38
1108, 36
1109, 38
1110, 37
1111, 37
1112, 38
1113, 37
1114, 39
1115, 43
1116, 44
1117, 44
1118, 47
1119, 45
1120, 50
1121, 46
1122, 45
1123, 44
1124, 41
1125, 38
1126, 36
1127, 39
1128, 36
1129, 32
1130, 25
1131, 25
1132, 27
1133, 25
1134, 30
1135, 31
1136, 30
1137, 27
1138, 27
1139, 30
1140, 33
1141, 32
1142, 31
1143, 36
1144, 37
1145, 38
1146, 41
1147, 41
1148, 45
1149, 44
1150, 44
1151, 49
1152, 48
1153, 44
1154, 41
1155, 37
1156, 36
1157, 36
1158, 33
1159, 32
1160, 30
1161, 29
1162, 26
1163, 27
1164, 30
1165, 32
1166, 33
1167, 31
1168, 32
1169, 37
1170, 38
1171, 39
1172, 41
1173, 42
1174, 36
1175, 32
1176, 33
1177, 35
1178, 37
1179, 32
1180, 33
1181, 34
1182, 35
1183, 35
1184, 37
1185, 40
1186, 40
1187, 41
1188, 37
1189, 37
1190, 39
1191, 35
1192, 34
1193, 35
1194, 34
1195, 32
1196, 33
1197, 35
1198, 37
1199, 39
1200, 42
1201, 47
1202, 49
1203, 47
1204, 51
1205, 55
1206, 57
1207, 54
1208, 52
1209, 50
1210, 45
1211, 44
1212, 45
1213, 45
1214, 45
1215, 45
1216, 41
1217, 43
1218, 49
1219, 53
1220, 53
1221, 49
1222, 47
1223, 45
1224, 41
1225, 43
1226, 43
1227, 46
1228, 39
1229, 35
1230, 34
1231, 36
1232, 37
1233, 37
1234, 40
1235, 37
1236, 41
1237, 36
1238, 38
1239, 37
1240, 38
1241, 36
1242, 33
1243, 39
1244, 36
1245, 36
1246, 31
1247, 33
1248, 30
1249, 30
1250, 29
1251, 29
1252, 31
1253, 26
1254, 29
1255, 25
1256, 22
1257, 22
1258, 26
1259, 31
1260, 29
1261, 32
1262, 29
1263, 29
1264, 27
1265, 30
1266, 34
1267, 31
1268, 27
1269, 23
1270, 30
1271, 30
1272, 37
1273, 43
1274, 44
1275, 44
1276, 45
1277, 48
1278, 49
1279, 51
1280, 47
1281, 44
1282, 40
1283, 34
1284, 35
1285, 37
1286, 35
1287, 37
1288, 40
1289, 39
1290, 35
1291, 37
1292, 35
1293, 36
1294, 33
1295, 31
1296, 32
1297, 29
1298, 29
1299, 32
1300, 38
1301, 38
1302, 41
1303, 41
1304, 43
1305, 40
1306, 39
1307, 39
1308, 38
1309, 33
1310, 32
1311, 28
1312, 27
1313, 30
1314, 29
1315, 33
1316, 34
1317, 33
1318, 33
1319, 34
1320, 31
1321, 33
1322, 37
1323, 35
1324, 34
1325, 34
1326, 32
1327, 34
1328, 36
1329, 39
1330, 42
1331, 45
1332, 44
1333, 46
1334, 49
1335, 46
1336, 47
1337, 45
1338, 44
1339, 42
1340, 43
1341, 41
1342, 38
1343, 36
1344, 35
1345, 38
1346, 42
1347, 44
1348, 41
1349, 42
1350, 39
1351, 40
1352, 41
1353, 38
1354, 40
1355, 38
1356, 36
1357, 37
1358, 38
1359, 40
1360, 38
1361, 39
1362, 38
1363, 42
1364, 44
1365, 46
1366, 45
1367, 43
1368, 48
1369, 47
1370, 52
1371, 48
1372, 48
1373, 47
1374, 40
1375, 38
1376, 40
1377, 37
1378, 31
1379, 34
1380, 31
1381, 36
1382, 34
1383, 34
1384, 36
1385, 37
1386, 36
1387, 37
1388, 37
1389, 34
1390, 38
1391, 37
1392, 41
1393, 42
1394, 46
1395, 47
1396, 46
1397, 48
1398, 51
1399, 50
1400, 46
1401, 43
1402, 43
1403, 40
1404, 38
1405, 39
1406, 39
1407, 38
1408, 41
1409, 40
1410, 40
1411, 41
1412, 40
1413, 41
1414, 40
1415, 40
1416, 42
1417, 42
1418, 38
1419, 40
1420, 43
1421, 44
1422, 45
1423, 47
1424, 43
1425, 40
1426, 35
1427, 35
1428, 34
1429, 33
1430, 28
1431, 26
1432, 27
1433, 26
1434, 30
1435, 35
1436, 36
1437, 35
1438, 35
1439, 42
1440, 44
1441, 47
1442, 43
1443, 41
1444, 41
1445, 37
1446, 36
1447, 37
1448, 39
1449, 36
1450, 38
1451, 34
1452, 36
1453, 41
1454, 39
1455, 41
1456, 44
1457, 46
1458, 49
1459, 45
1460, 48
1461, 53
1462, 53
1463, 47
1464, 46
1465, 49
1466, 50
1467, 48
1468, 47
1469, 48
1470, 42
1471, 39
1472, 43
1473, 46
1474, 48
1475, 42
1476, 44
1477, 45
1478, 44
1479, 43
1480, 47
1481, 53
1482, 46
1483, 48
1484, 48
1485, 52
1486, 48
1487, 50
1488, 49
1489, 49
1490, 47
1491, 42
1492, 43
1493, 40
1494, 39
1495, 36
1496, 36
1497, 34
1498, 39
1499, 37
1500, 36
1501, 34
1502, 37
1503, 39
1504, 42
1505, 43
1506, 44
1507, 44
1508, 41
1509, 39
1510, 41
1511, 39
1512, 36
1513, 33
1514, 32
1515, 35
1516, 35
1517, 34
1518, 33
1519, 39
1520, 38
1521, 42
1522, 43
1523, 48
1524, 50
1525, 50
1526, 49
1527, 47
1528, 52
1529, 51
1530, 52
1531, 53
1532, 52
1533, 49
1534, 45
1535, 40
1536, 39
1537, 41
1538, 33
1539, 33
1540, 32
1541, 32
1542, 32
1543, 33
1544, 34
1545, 37
1546, 38
1547, 38
1548, 40
1549, 39
1550, 42
1551, 41
1552, 40
1553, 41
1554, 44
1555, 42
1556, 42
1557, 39
1558, 43
1559, 42
1560, 38
1561, 35
1562, 39
1563, 38
1564, 36
1565, 38
1566, 42
1567, 43
1568, 39
1569, 40
1570, 41
1571, 45
1572, 44
1573, 43
1574, 45
1575, 43
1576, 38
1577, 40
1578, 39
1579, 40
1580, 39
1581, 37
1582, 37
1583, 40
1584, 42
1585, 44
1586, 45
1587, 46
1588, 47
1589, 44
1590, 44
1591, 47
1592, 45
1593, 44
1594, 44
1595, 42
1596, 43
1597, 41
1598, 42
1599, 48
1600, 51
1601, 50
1602, 50
1603, 48
1604, 46
1605, 46
1606, 51
1607, 52
1608, 53
1609, 55
1610, 52
1611, 53
1612, 53
1613, 52
1614, 47
1615, 49
1616, 42
1617, 42
1618, 44
1619, 38
1620, 42
1621, 39
1622, 42
1623, 41
1624, 42
1625, 40
1626, 41
1627, 41
1628, 37
1629, 38
1630, 32
1631, 33
1632, 31
1633, 34
1634, 36
1635, 34
1636, 34
1637, 35
1638, 34
1639, 32
1640, 35
1641, 36
1642, 34
1643, 31
1644, 30
1645, 34
1646, 35
1647, 32
1648, 35
1649, 36
1650, 32
1651, 29
1652, 30
1653, 32
1654, 31
1655, 35
1656, 35
1657, 37
1658, 35
1659, 36
1660, 39
1661, 42
1662, 43
1663, 43
1664, 44
1665, 43
1666, 44
1667, 43
1668, 43
1669, 40
1670, 41
1671, 42
1672, 42
1673, 42
1674, 44
1675, 38
1676, 37
1677, 37
1678, 35
1679, 42
1680, 41
1681, 37
1682, 35
1683, 31
1684, 34
1685, 40
1686, 43
1687, 48
1688, 51
1689, 44
1690, 44
1691, 48
1692, 48
1693, 49
1694, 45
1695, 44
1696, 44
1697, 40
1698, 36
1699, 38
1700, 36
1701, 34
1702, 36
1703, 37
1704, 40
1705, 37
1706, 32
1707, 34
1708, 37
1709, 37
1710, 40
1711, 38
1712, 37
1713, 38
1714, 33
1715, 32
1716, 34
1717, 31
1718, 31
1719, 30
1720, 29
1721, 30
1722, 30
1723, 29
1724, 34
1725, 31
1726, 33
1727, 38
1728, 38
1729, 39
1730, 42
1731, 43
1732, 43
1733, 45
1734, 41
1735, 44
1736, 43
1737, 40
1738, 40
1739, 42
1740, 45
1741, 51
1742, 54
1743, 52
1744, 52
1745, 52
1746, 51
1747, 53
1748, 53
1749, 51
1750, 45
1751, 38
1752, 39
1753, 39
1754, 40
1755, 42
1756, 40
1757, 36
1758, 33
1759, 35
1760, 36
1761, 38
1762, 42
1763, 41
1764, 39
1765, 38
1766, 39
1767, 40
1768, 47
1769, 47
1770, 46
1771, 49
1772, 44
1773, 45
1774, 46
1775, 43
1776, 45
1777, 47
1778, 42
1779, 43
1780, 44
1781, 42
1782, 40
1783, 43
1784, 44
1785, 48
1786, 45
1787, 42
1788, 40
1789, 40
1790, 40
1791, 38
1792, 37
1793, 32
1794, 32
1795, 32
1796, 34
1797, 37
1798, 38
1799, 37
1800, 36
1801, 34
1802, 39
1803, 43
1804, 42
1805, 41
1806, 39
1807, 44
1808, 43
1809, 44
1810, 46
1811, 53
1812, 47
1813, 48
1814, 49
1815, 47
1816, 47
1817, 44
1818, 47
1819, 41
1820, 40
1821, 36
1822, 35
1823, 36
1824, 37
1825, 40
1826, 44
1827, 42
1828, 39
1829, 42
1830, 41
1831, 42
1832, 45
1833, 47
1834, 48
1835, 48
1836, 45
1837, 43
1838, 44
1839, 44
1840, 46
1841, 43
1842, 44
1843, 38
1844, 36
1845, 31
1846, 29
1847, 27
1848, 29
1849, 28
1850, 27
1851, 27
1852, 28
1853, 31
1854, 34
1855, 38
1856, 37
1857, 39
1858, 37
1859, 37
1860, 38
1861, 36
1862, 34
1863, 34
1864, 30
1865, 31
1866, 34
1867, 35
1868, 36
1869, 36
1870, 37
1871, 39
1872, 40
1873, 40
1874, 40
1875, 37
1876, 37
1877, 36
1878, 39
1879, 37
1880, 37
1881, 39
1882, 37
1883, 38
1884, 36
1885, 36
1886, 38
1887, 39
1888, 36
1889, 39
1890, 39
1891, 37
1892, 41
1893, 40
1894, 47
1895, 53
1896, 51
1897, 49
1898, 49
1899, 49
1900, 47
1901, 44
1902, 44
1903, 41
1904, 35
1905, 28
1906, 34
1907, 35
1908, 38
1909, 34
1910, 35
1911, 38
1912, 35
1913, 38
1914, 42
1915, 46
1916, 44
1917, 46
1918, 45
1919, 47
1920, 47
1921, 47
1922, 46
1923, 49
1924, 45
1925, 46
1926, 43
1927, 43
1928, 39
1929, 40
1930, 40
1931, 38
1932, 38
1933, 33
1934, 36
1935, 32
1936, 30
1937, 32
1938, 41
1939, 42
1940, 42
1941, 48
1942, 48
1943, 52
1944, 52
1945, 56
1946, 60
1947, 54
1948, 50
1949, 52
1950, 53
1951, 53
1952, 50
1953, 44
1954, 42
1955, 44
1956, 42
1957, 44
1958, 41
1959, 37
1960, 37
1961, 34
1962, 42
1963, 47
1964, 49
1965, 45
1966, 48
1967, 51
1968, 49
1969, 55
1970, 51
1971, 50
1972, 48
1973, 45
1974, 41
1975, 44
1976, 40
1977, 37
1978, 38
1979, 32
1980, 32
1981, 33
1982, 32
1983, 34
1984, 40
1985, 38
1986, 39
1987, 42
1988, 46
1989, 46
1990, 49
1991, 54
1992, 52
1993, 51
1994, 48
1995, 44
1996, 44
1997, 42
1998, 41
1999, 41
2000, 40
2001, 34
2002, 31
2003, 30
2004, 34
2005, 36
2006, 37
2007, 38
2008, 38
2009, 41
2010, 38
2011, 36
2012, 38
2013, 37
2014, 32
2015, 32
2016, 30
2017, 31
2018, 29
2019, 29
2020, 30
2021, 31
2022, 32
2023, 35
2024, 36
2025, 38
2026, 36
2027, 34
2028, 35
2029, 35
2030, 34
2031, 34
2032, 38
2033, 38
2034, 37
2035, 34
2036, 35
2037, 35
2038, 33
2039, 33
2040, 35
2041, 40
2042, 38
2043, 40
2044, 39
2045, 41
2046, 45
2047, 44
2048, 46
2049, 42
2050, 39
2051, 35
2052, 33
2053, 29
2054, 32
2055, 33
2056, 32
2057, 29
2058, 26
2059, 30
2060, 39
2061, 42
2062, 43
2063, 42
2064, 40
2065, 42
2066, 40
2067, 45
2068, 48
2069, 45
2070, 38
2071, 35
2072, 36
2073, 35
2074, 34
2075, 33
2076, 36
2077, 33
2078, 35
2079, 40
2080, 42
2081, 44
2082, 44
2083, 45
2084, 46
2085, 48
2086, 48
2087, 50
2088, 49
2089, 45
2090, 44
2091, 42
2092, 39
2093, 43
2094, 48
2095, 47
2096, 45
2097, 44
2098, 42
2099, 41
2100, 41
2101, 42
2102, 47
2103, 43
2104, 38
2105, 34
2106, 34
2107, 37
2108, 36
2109, 38
2110, 37
2111, 40
2112, 40
2113, 43
2114, 45
2115, 46
2116, 47
2117, 45
2118, 46
2119, 47
2120, 49
2121, 51
2122, 45
2123, 43
2124, 43
2125, 44
2126, 43
2127, 47
2128, 48
2129, 48
2130, 49
2131, 42
2132, 42
2133, 41
2134, 39
2135, 38
2136, 36
2137, 34
2138, 34
2139, 32
2140, 31
2141, 33
2142, 34
2143, 36
2144, 34
2145, 39
2146, 44
2147, 43
2148, 46
2149, 47
2150, 47
2151, 44
2152, 44
2153, 43
2154, 43
2155, 40
2156, 39
2157, 38
2158, 35
2159, 33
2160, 31
2161, 32
2162, 34
2163, 34
2164, 40
2165, 37
2166, 34
2167, 32
2168, 36
2169, 38
2170, 40
2171, 41
2172, 38
2173, 39
2174, 37
2175, 37
2176, 37
2177, 45
2178, 43
2179, 42
2180, 40
2181, 40
2182, 45
2183, 45
2184, 43
2185, 42
2186, 40
2187, 36
2188, 32
2189, 33
2190, 38
2191, 43
2192, 40
2193, 38
2194, 38
2195, 39
2196, 40
2197, 37
2198, 37
2199, 35
2200, 31
2201, 28
2202, 34
2203, 35
2204, 35
2205, 35
2206, 41
2207, 42
2208, 44
2209, 45
2210, 46
2211, 44
2212, 39
2213, 41
2214, 42
2215, 42
2216, 37
2217, 38
2218, 39
2219, 40
2220, 38
2221, 38
2222, 36
2223, 32
2224, 31
2225, 31
2226, 32
2227, 30
2228, 35
2229, 33
2230, 38
2231, 37
2232, 38
2233, 39
2234, 40
2235, 41
2236, 40
2237, 40
2238, 33
2239, 37
2240, 38
2241, 39
2242, 41
2243, 41
2244, 40
2245, 38
2246, 40
2247, 41
2248, 42
2249, 40
2250, 34
2251, 33
2252, 31
2253, 29
2254, 32
2255, 32
2256, 31
2257, 35
2258, 38
2259, 38
2260, 38
2261, 40
2262, 42
2263, 48
2264, 43
2265, 49
2266, 46
2267, 45
2268, 45
2269, 45
2270, 46
2271, 46
2272, 44
2273, 41
2274, 43
2275, 39
2276, 40
2277, 40
2278, 34
2279, 36
2280, 43
2281, 42
2282, 40
2283, 38
2284, 36
2285, 35
2286, 37
2287, 40
2288, 42
2289, 38
2290, 32
2291, 34
2292, 39
2293, 43
2294, 44
2295, 43
2296, 42
2297, 37
2298, 37
2299, 38
2300, 40
2301, 40
2302, 39
2303, 40
2304, 44
2305, 48
2306, 47
2307, 47
2308, 50
2309, 48
2310, 45
2311, 47
2312, 50
2313, 47
2314, 43
2315, 40
2316, 42
2317, 41
2318, 37
2319, 39
2320, 42
2321, 39
2322, 38
2323, 41
2324, 46
2325, 46
2326, 44
2327, 42
2328, 43
2329, 43
2330, 39
2331, 38
2332, 35
2333, 33
2334, 28
2335, 27
2336, 31
2337, 33
2338, 35
2339, 35
2340, 39
2341, 38
2342, 37
2343, 37
2344, 37
2345, 39
2346, 35
2347, 32
2348, 30
2349, 31
2350, 28
2351, 31
2352, 29
2353, 27
2354, 35
2355, 32
2356, 32
2357, 38
2358, 40
2359, 41
2360, 43
2361, 43
2362, 45
2363, 45
2364, 42
2365, 45
2366, 46
2367, 46
2368, 44
2369, 45
2370, 41
2371, 40
2372, 43
2373, 43
2374, 38
2375, 39
2376, 41
2377, 37
2378, 39
2379, 41
2380, 46
2381, 47
2382, 47
2383, 49
2384, 53
2385, 52
2386, 51
2387, 54
2388, 55
2389, 49
2390, 46
2391, 46
2392, 40
2393, 41
2394, 38
2395, 39
2396, 40
2397, 39
2398, 37
2399, 38
2400, 38
2401, 35
2402, 41
2403, 41
2404, 45
2405, 50
2406, 49
2407, 45
2408, 42
2409, 43
2410, 44
2411, 45
2412, 40
2413, 41
2414, 39
2415, 30
2416, 28
2417, 30
2418, 33
2419, 32
2420, 31
2421, 31
2422, 33
2423, 27
2424, 27
2425, 30
2426, 33
2427, 33
2428, 35
2429, 34
2430, 36
2431, 39
2432, 37
2433, 43
2434, 43
2435, 47
2436, 44
2437, 46
2438, 43
2439, 42
2440, 42
2441, 38
2442, 42
2443, 40
2444, 36
2445, 33
2446, 35
2447, 32
2448, 31
2449, 36
2450, 34
2451, 34
2452, 32
2453, 31
2454, 33
2455, 34
2456, 32
2457, 36
2458, 35
2459, 33
2460, 31
2461, 33
2462, 33
2463, 35
2464, 36
2465, 35
2466, 43
2467, 44
2468, 48
2469, 49
2470, 50
2471, 50
2472, 56
2473, 55
2474, 54
2475, 50
2476, 45
2477, 45
2478, 44
2479, 43
2480, 47
2481, 47
2482, 41
2483, 45
2484, 44
2485, 47
2486, 45
2487, 42
2488, 38
2489, 40
2490, 41
2491, 39
2492, 40
2493, 33
2494, 36
2495, 36
2496, 42
2497, 47
2498, 53
2499, 54
2500, 52
2501, 54
2502, 55
2503, 59
2504, 59
2505, 61
2506, 56
2507, 50
2508, 49
2509, 44
2510, 43
2511, 40
2512, 36
2513, 35
2514, 34
2515, 30
2516, 30
2517, 32
2518, 35
2519, 40
2520, 39
2521, 42
2522, 45
2523, 44
2524, 46
2525, 46
2526, 49
2527, 49
2528, 49
2529, 42
2530, 41
2531, 39
2532, 43
2533, 45
2534, 46
2535, 45
2536, 45
2537, 46
2538, 40
2539, 45
2540, 45
2541, 44
2542, 40
2543, 38
2544, 35
2545, 36
2546, 35
2547, 32
2548, 33
2549, 33
2550, 37
2551, 39
2552, 39
2553, 37
2554, 36
2555, 36
2556, 35
2557, 35
2558, 36
2559, 35
2560, 32
2561, 33
2562, 35
2563, 36
2564, 34
2565, 36
2566, 36
2567, 39
2568, 44
2569, 43
2570, 43
2571, 40
2572, 40
2573, 40
2574, 41
2575, 37
2576, 35
2577, 35
2578, 30
2579, 28
2580, 31
2581, 34
2582, 34
2583, 36
2584, 40
2585, 46
2586, 45
2587, 46
2588, 44
2589, 45
2590, 45
2591, 45
2592, 44
2593, 44
2594, 43
2595, 40
2596, 44
2597, 42
2598, 43
2599, 43
2600, 40
2601, 41
2602, 41
2603, 42
2604, 41
2605, 42
2606, 40
2607, 39
2608, 43
2609, 45
2610, 48
2611, 48
2612, 48
2613, 44
2614, 44
2615, 44
2616, 42
2617, 42
2618, 43
2619, 44
2620, 42
2621, 40
2622, 37
2623, 41
2624, 42
2625, 40
2626, 42
2627, 41
2628, 37
2629, 38
2630, 40
2631, 40
2632, 41
2633, 40
2634, 40
2635, 41
2636, 40
2637, 40
2638, 42
2639, 40
2640, 36
2641, 41
2642, 40
2643, 40
2644, 38
2645, 39
2646, 41
2647, 47
2648, 43
2649, 44
2650, 45
2651, 39
2652, 42
2653, 46
2654, 53
2655, 53
2656, 52
2657, 45
2658, 45
2659, 42
2660, 43
2661, 41
2662, 40
2663, 37
2664, 30
2665, 32
2666, 30
2667, 33
2668, 35
2669, 35
2670, 33
2671, 36
2672, 36
2673, 36
2674, 35
2675, 32
2676, 33
2677, 29
2678, 26
2679, 29
2680, 28
2681, 30
2682, 30
2683, 28
2684, 30
2685, 28
2686, 26
2687, 31
2688, 37
2689, 35
2690, 37
2691, 36
2692, 35
2693, 34
2694, 35
2695, 38
2696, 42
2697, 42
2698, 41
2699, 40
2700, 43
2701, 45
2702, 46
2703, 49
2704, 46
2705, 46
2706, 41
2707, 39
2708, 37
2709, 40
2710, 39
2711, 35
2712, 34
2713, 32
2714, 32
2715, 34
2716, 36
2717, 37
2718, 37
2719, 36
2720, 34
2721, 33
2722, 35
2723, 37
2724, 37
2725, 35
2726, 34
2727, 35
2728, 34
2729, 34
2730, 34
2731, 37
2732, 33
2733, 32
2734, 32
2735, 34
2736, 38
2737, 32
2738, 37
2739, 35
2740, 33
2741, 35
2742, 37
2743, 37
2744, 39
2745, 39
2746, 36
2747, 41
2748, 40
2749, 46
2750, 46
2751, 44
2752, 43
2753, 45
2754, 47
2755, 44
2756, 49
2757, 47
2758, 45
2759, 39
2760, 44
2761, 43
2762, 42
2763, 40
2764, 36
2765, 37
2766, 35
2767, 40
2768, 38
2769, 39
2770, 37
2771, 37
2772, 38
2773, 40
2774, 41
2775, 41
2776, 41
2777, 35
2778, 35
2779, 35
2780, 39
2781, 39
2782, 41
2783, 41
2784, 40
2785, 41
2786, 41
2787, 40
2788, 47
2789, 47
2790, 41
2791, 39
2792, 40
2793, 37
2794, 40
2795, 38
2796, 38
2797, 39
2798, 30
2799, 32
2800, 39
2801, 44
2802, 41
2803, 41
2804, 40
2805, 39
2806, 37
2807, 40
2808, 45
2809, 43
2810, 39
2811, 35
2812, 36
2813, 39
2814, 39
2815, 41
2816, 43
2817, 43
2818, 40
2819, 42
2820, 38
2821, 41
2822, 49
2823, 46
2824, 49
2825, 47
2826, 48
2827, 46
2828, 46
2829, 45
2830, 49
2831, 48
2832, 41
2833, 43
2834, 38
2835, 39
2836, 38
2837, 38
2838, 38
2839, 36
2840, 36
2841, 35
2842, 33
2843, 35
2844, 35
2845, 33
2846, 35
2847, 36
2848, 41
2849, 45
2850, 44
2851, 43
2852, 46
2853, 43
2854, 48
2855, 57
2856, 52
2857, 50
2858, 49
2859, 46
2860, 47
2861, 50
2862, 52
2863, 55
2864, 55
2865, 47
2866, 51
2867, 51
2868, 50
2869, 52
2870, 49
2871, 47
2872, 43
2873, 39
2874, 35
2875, 36
2876, 38
2877, 39
2878, 41
2879, 43
2880, 46
2881, 47
2882, 47
2883, 50
2884, 50
2885, 48
2886, 44
2887, 44
2888, 39
2889, 33
2890, 32
2891, 30
2892, 29
2893, 26
2894, 30
2895, 36
2896, 36
2897, 36
2898, 41
2899, 47
2900, 47
2901, 50
2902, 50
2903, 52
2904, 49
2905, 46
2906, 43
2907, 43
2908, 38
2909, 33
2910, 33
2911, 33
2912, 36
2913, 35
2914, 37
2915, 36
2916, 38
2917, 39
2918, 40
2919, 43
2920, 40
2921, 39
2922, 37
2923, 35
2924, 32
2925, 33
2926, 34
2927, 34
2928, 38
2929, 35
2930, 39
2931, 42
2932, 45
2933, 47
2934, 49
2935, 51
2936, 51
2937, 49
2938, 49
2939, 49
2940, 52
2941, 48
2942, 45
2943, 45
2944, 49
2945, 48
2946, 52
2947, 55
2948, 52
2949, 52
2950, 49
2951, 48
2952, 49
2953, 50
2954, 48
2955, 48
2956, 43
2957, 38
2958, 37
2959, 37
2960, 42
2961, 42
2962, 47
2963, 43
2964, 43
2965, 46
2966, 45
2967, 49
2968, 51
2969, 52
2970, 44
2971, 45
2972, 44
2973, 49
2974, 44
2975, 40
2976, 40
2977, 42
2978, 40
2979, 44
2980, 46
2981, 47
2982, 39
2983, 39
2984, 38
2985, 38
2986, 39
2987, 41
2988, 43
2989, 40
2990, 38
2991, 37
2992, 41
2993, 40
2994, 48
2995, 47
2996, 51
2997, 46
2998, 41
2999, 39
3000, 41
3001, 39
3002, 42
3003, 47
3004, 41
3005, 40
3006, 36
3007, 38
3008, 40
3009, 42
3010, 42
3011, 46
3012, 45
3013, 40
3014, 42
3015, 42
3016, 42
3017, 40
3018, 38
3019, 36
3020, 39
3021, 39
3022, 35
3023, 33
3024, 31
3025, 35
3026, 36
3027, 41
3028, 46
3029, 45
3030, 46
3031, 50
3032, 52
3033, 51
3034, 52
3035, 50
3036, 50
3037, 48
3038, 54
3039, 62
3040, 61
3041, 59
3042, 61
3043, 63
3044, 64
3045, 64
3046, 63
3047, 58
3048, 53
3049, 47
3050, 45
3051, 41
3052, 42
3053, 40
3054, 40
3055, 38
3056, 41
3057, 43
3058, 40
3059, 39
3060, 37
3061, 43
3062, 41
3063, 42
3064, 41
3065, 44
3066, 42
3067, 43
3068, 46
3069, 46
3070, 48
3071, 43
3072, 41
3073, 41
3074, 39
3075, 35
3076, 35
3077, 35
3078, 32
3079, 32
3080, 31
3081, 30
3082, 32
3083, 33
3084, 35
3085, 39
3086, 38
3087, 41
3088, 41
3089, 44
3090, 47
3091, 49
3092, 52
3093, 52
3094, 52
3095, 54
3096, 54
3097, 50
3098, 51
3099, 52
3100, 49
3101, 49
3102, 46
3103, 46
3104, 45
3105, 42
3106, 42
3107, 40
3108, 37
3109, 33
3110, 31
3111, 28
3112, 24
3113, 25
3114, 26
3115, 26
3116, 32
3117, 39
3118, 40
3119, 42
3120, 46
3121, 49
3122, 51
3123, 56
3124, 55
3125, 52
3126, 48
3127, 46
3128, 45
3129, 46
3130, 42
3131, 38
3132, 38
3133, 34
3134, 33
3135, 37
3136, 38
3137, 37
3138, 40
3139, 38
3140, 41
3141, 42
3142, 47
3143, 43
3144, 46
3145, 42
3146, 39
3147, 37
3148, 34
3149, 34
3150, 35
3151, 34
3152, 29
3153, 28
3154, 26
3155, 27
3156, 26
3157, 28
3158, 31
3159, 32
3160, 32
3161, 34
3162, 32
3163, 37
3164, 37
3165, 40
3166, 43
3167, 42
3168, 39
3169, 41
3170, 37
3171, 42
3172, 44
3173, 40
3174, 38
3175, 38
3176, 37
3177, 37
3178, 38
3179, 35
3180, 33
3181, 32
3182, 33
3183, 37
3184, 40
3185, 37
3186, 35
3187, 36
3188, 35
3189, 37
3190, 44
3191, 40
3192, 40
3193, 37
3194, 36
3195, 39
3196, 41
3197, 40
3198, 40
3199, 35
3200, 31
3201, 34
3202, 37
3203, 39
3204, 39
3205, 37
3206, 33
3207, 35
3208, 40
3209, 44
3210, 48
3211, 44
3212, 38
3213, 40
3214, 39
3215, 39
3216, 42
3217, 39
3218, 36
3219, 34
3220, 35
3221, 37
3222, 39
3223, 35
3224, 39
3225, 42
3226, 45
3227, 44
3228, 42
3229, 47
3230, 42
3231, 40
3232, 43
3233, 44
3234, 39
3235, 36
3236, 35
3237, 37
3238, 38
3239, 36
3240, 37
3241, 39
3242, 38
3243, 36
3244, 37
3245, 39
3246, 41
3247, 43
3248, 46
3249, 48
3250, 47
3251, 49
3252, 50
3253, 53
3254, 55
3255, 51
3256, 45
3257, 44
3258, 40
3259, 36
3260, 37
3261, 36
3262, 31
3263, 27
3264, 27
3265, 31
3266, 32
3267, 28
3268, 29
3269, 30
3270, 34
3271, 34
3272, 36
3273, 38
3274, 39
3275, 36
3276, 35
3277, 37
3278, 34
3279, 32
3280, 30
3281, 29
3282, 32
3283, 35
3284, 35
3285, 36
3286, 39
3287, 38
3288, 43
3289, 45
3290, 41
3291, 38
3292, 34
3293, 32
3294, 31
3295, 30
3296, 31
3297, 30
3298, 26
3299, 28
3300, 33
3301, 35
3302, 36
3303, 35
3304, 38
3305, 41
3306, 38
3307, 43
3308, 44
3309, 44
3310, 39
3311, 40
3312, 40
3313, 41
3314, 36
3315, 36
3316, 42
3317, 39
3318, 42
3319, 43
3320, 46
3321, 47
3322, 46
3323, 45
3324, 45
3325, 46
3326, 41
3327, 42
3328, 40
3329, 37
3330, 36
3331, 31
3332, 34
3333, 34
3334, 34
3335, 30
3336, 30
3337, 28
3338, 28
3339, 27
3340, 27
3341, 30
3342, 29
3343, 29
3344, 33
3345, 33
3346, 34
3347, 37
3348, 37
3349, 36
3350, 38
3351, 37
3352, 40
3353, 45
3354, 44
3355, 45
3356, 50
3357, 45
3358, 46
3359, 51
3360, 47
3361, 48
3362, 44
3363, 41
3364, 40
3365, 43
3366, 37
3367, 45
3368, 47
3369, 43
3370, 44
3371, 43
3372, 44
3373, 42
3374, 41
3375, 37
3376, 36
3377, 32
3378, 31
3379, 32
3380, 35
3381, 35
3382, 36
3383, 39
3384, 39
3385, 44
3386, 47
3387, 47
3388, 46
3389, 47
3390, 43
3391, 46
3392, 45
3393, 39
3394, 47
3395, 48
3396, 46
3397, 51
3398, 53
3399, 52
3400, 56
3401, 56
3402, 56
3403, 60
3404, 51
3405, 46
3406, 47
3407, 43
3408, 39
3409, 38
3410, 37
3411, 34
3412, 37
3413, 37
3414, 39
3415, 39
3416, 38
3417, 36
3418, 36
3419, 36
3420, 33
3421, 32
3422, 27
3423, 27
3424, 29
3425, 31
3426, 30
3427, 28
3428, 37
3429, 36
3430, 41
3431, 41
3432, 42
3433, 39
3434, 37
3435, 36
3436, 35
3437, 38
3438, 31
3439, 33
3440, 30
3441, 32
3442, 38
3443, 42
3444, 39
3445, 38
3446, 39
3447, 38
3448, 41
3449, 41
3450, 43
3451, 45
3452, 40
3453, 40
3454, 44
3455, 45
3456, 44
3457, 43
3458, 42
3459, 44
3460, 43
3461, 43
3462, 44
3463, 41
3464, 40
3465, 43
3466, 49
3467, 54
3468, 49
3469, 49
3470, 44
3471, 43
3472, 43
3473, 50
3474, 49
3475, 44
3476, 42
3477, 38
3478, 43
3479, 40
3480, 41
3481, 46
3482, 49
3483, 43
3484, 45
3485, 50
3486, 49
3487, 51
3488, 48
3489, 47
3490, 50
3491, 44
3492, 37
3493, 37
3494, 38
3495, 35
3496, 36
3497, 35
3498, 36
3499, 37
3500, 43
3501, 42
3502, 44
3503, 42
3504, 37
3505, 39
3506, 36
3507, 38
3508, 36
3509, 36
3510, 28
3511, 31
3512, 34
3513, 35
3514, 34
3515, 31
3516, 32
3517, 33
3518, 39
3519, 39
3520, 41
3521, 43
3522, 38
3523, 37
3524, 40
3525, 40
3526, 45
3527, 40
3528, 37
3529, 36
3530, 35
3531, 34
3532, 36
3533, 38
3534, 37
3535, 37
3536, 30
3537, 33
3538, 31
3539, 31
3540, 31
3541, 26
3542, 28
3543, 28
3544, 30
3545, 32
3546, 33
3547, 32
3548, 29
3549, 34
3550, 36
3551, 40
3552, 35
3553, 36
3554, 39
3555, 42
3556, 45
3557, 45
3558, 51
3559, 51
3560, 54
3561, 52
3562, 57
3563, 57
3564, 55
3565, 53
3566, 56
3567, 54
3568, 52
3569, 53
3570, 49
3571, 52
3572, 52
3573, 50
3574, 49
3575, 50
3576, 42
3577, 44
3578, 42
3579, 35
3580, 31
3581, 29
3582, 25
3583, 27
3584, 26
3585, 22
3586, 29
3587, 30
3588, 40
3589, 42
3590, 45
3591, 47
3592, 47
3593, 45
3594, 44
3595, 51
3596, 47
3597, 45
3598, 37
3599, 38
3600, 37
3601, 38
3602, 40
3603, 44
3604, 45
3605, 37
3606, 36
3607, 35
3608, 33
3609, 34
3610, 39
3611, 32
3612, 33
3613, 27
3614, 27
3615, 27
3616, 27
3617, 29
3618, 32
3619, 35
3620, 28
3621, 30
3622, 32
3623, 34
3624, 36
3625, 41
3626, 43
3627, 45
3628, 45
3629, 38
3630, 41
3631, 44
3632, 41
3633, 39
3634, 40
3635, 34
3636, 34
3637, 30
3638, 29
3639, 33
3640, 31
3641, 31
3642, 31
3643, 38
3644, 34
3645, 35
3646, 32
3647, 30
3648, 30
3649, 27
3650, 31
3651, 27
3652, 26
3653, 23
3654, 24
3655, 25
3656, 27
3657, 29
3658, 30
3659, 31
3660, 30
3661, 41
3662, 44
3663, 44
3664, 46
3665, 49
3666, 49
3667, 50
3668, 47
3669, 48
3670, 52
3671, 48
3672, 45
3673, 46
3674, 44
3675, 44
3676, 47
3677, 46
3678, 48
3679, 46
3680, 42
3681, 36
3682, 42
3683, 42
3684, 43
3685, 42
3686, 39
3687, 38
3688, 41
3689, 41
3690, 39
3691, 40
3692, 39
3693, 41
3694, 39
3695, 34
3696, 37
3697, 40
3698, 36
3699, 38
3700, 40
3701, 42
3702, 38
3703, 34
3704, 39
3705, 46
3706, 46
3707, 43
3708, 41
3709, 43
3710, 41
3711, 38
3712, 39
3713, 39
3714, 38
3715, 35
3716, 35
3717, 38
3718, 39
3719, 36
3720, 42
3721, 43
3722, 45
3723, 46
3724, 47
3725, 46
3726, 46
3727, 45
3728, 50
3729, 51
3730, 47
3731, 47
3732, 45
3733, 44
3734, 42
3735, 41
3736, 36
3737, 38
3738, 36
3739, 37
3740, 35
3741, 34
3742, 32
3743, 36
3744, 33
3745, 37
3746, 39
3747, 41
3748, 40
3749, 42
3750, 41
3751, 44
3752, 47
3753, 43
3754, 42
3755, 39
3756, 39
3757, 37
3758, 37
3759, 34
3760, 38
3761, 38
3762, 36
3763, 39
3764, 40
3765, 44
3766, 44
3767, 40
3768, 38
3769, 36
3770, 38
3771, 39
3772, 43
3773, 41
3774, 43
3775, 39
3776, 39
3777, 38
3778, 40
3779, 43
3780, 40
3781, 39
3782, 39
3783, 39
3784, 41
3785, 44
3786, 46
3787, 51
3788, 50
3789, 48
3790, 49
3791, 50
3792, 45
3793, 45
3794, 45
3795, 44
3796, 45
3797, 42
3798, 49
3799, 52
3800, 52
3801, 51
3802, 53
3803, 52
3804, 47
3805, 51
3806, 50
3807, 55
3808, 47
3809, 47
3810, 49
3811, 47
3812, 46
3813, 47
3814, 52
3815, 50
3816, 52
3817, 47
3818, 48
3819, 47
3820, 43
3821, 48
3822, 47
3823, 46
3824, 43
3825, 39
3826, 35
3827, 35
3828, 37
3829, 38
3830, 39
3831, 32
3832, 31
3833, 34
3834, 34
3835, 34
3836, 34
3837, 34
3838, 31
3839, 27
3840, 31
3841, 33
3842, 34
3843, 30
3844, 29
3845, 30
3846, 30
3847, 33
3848, 34
3849, 34
3850, 31
3851, 31
3852, 32
3853, 35
3854, 38
3855, 35
3856, 36
3857, 35
3858, 36
3859, 39
3860, 40
3861, 41
3862, 41
3863, 38
3864, 33
3865, 35
3866, 35
3867, 34
3868, 33
3869, 31
3870, 26
3871, 26
3872, 29
3873, 31
3874, 38
3875, 41
3876, 43
3877, 42
3878, 45
3879, 44
3880, 46
3881, 50
3882, 49
3883, 50
3884, 50
3885, 48
3886, 42
3887, 47
3888, 44
3889, 44
3890, 45
3891, 41
3892, 40
3893, 42
3894, 38
3895, 38
3896, 47
3897, 41
3898, 39
3899, 40
3900, 37
3901, 36
3902, 35
3903, 29
3904, 30
3905, 30
3906, 27
3907, 30
3908, 32
3909, 30
3910, 34
3911, 39
3912, 37
3913, 41
3914, 43
3915, 43
3916, 40
3917, 39
3918, 42
3919, 47
3920, 47
3921, 41
3922, 43
3923, 43
3924, 39
3925, 40
3926, 40
3927, 41
3928, 42
3929, 37
3930, 35
3931, 37
3932, 36
3933, 34
3934, 35
3935, 37
3936, 40
3937, 38
3938, 38
3939, 43
3940, 46
3941, 46
3942, 51
3943, 51
3944, 50
3945, 46
3946, 43
3947, 45
3948, 43
3949, 44
3950, 42
3951, 41
3952, 37
3953, 37
3954, 40
3955, 41
3956, 41
3957, 44
3958, 43
3959, 38
3960, 42
3961, 40
3962, 41
3963, 43
3964, 43
3965, 43
3966, 42
3967, 38
3968, 38
3969, 39
3970, 38
3971, 40
3972, 38
3973, 36
3974, 38
3975, 37
3976, 39
3977, 41
3978, 39
3979, 39
3980, 38
3981, 37
3982, 42
3983, 41
3984, 39
3985, 37
3986, 37
3987, 36
3988, 37
3989, 39
3990, 37
3991, 38
3992, 36
3993, 40
3994, 41
3995, 45
3996, 45
3997, 42
3998, 45
3999, 41
