0, 10
1, 24
2, 33
3, 48
4, 53
5, 48
6, 45
7, 40
8, 40
9, 35
10, 40
11, 38
12, 41
13, 34
14, 39
15, 48
16, 42
17, 44
18, 46
19, 43
20, 43
21, 53
22, 58
23, 58
24, 41
25, 49
26, 45
27, 45
28, 52
29, 55
30, 46
31, 41
32, 43
33, 32
34, 43
35, 39
36, 36
37, 40
38, 37
39, 44
40, 45
41, 51
42, 49
43, 44
44, 46
45, 46
46, 39
47, 31
48, 38
49, 42
50, 37
51, 44
52, 43
53, 51
54, 55
55, 58
56, 59
57, 56
58, 49
59, 43
60, 41
61, 45
62, 45
63, 40
64, 34
65, 35
66, 43
67, 38
68, 40
69, 43
70, 35
71, 32
72, 38
73, 40
74, 37
75, 43
76, 38
77, 43
78, 45
79, 42
80, 49
81, 48
82, 34
83, 29
84, 38
85, 43
86, 38
87, 40
88, 44
89, 47
90, 49
91, 40
92, 34
93, 32
94, 35
95, 34
96, 38
97, 37
98, 36
99, 42
100, 40
101, 40
102, 46
103, 50
104, 47
105, 45
106, 48
107, 48
108, 44
109, 35
110, 43
111, 40
112, 19
113, 27
114, 35
115, 36
116, 31
117, 36
118, 38
119, 41
120, 32
121, 28
122, 33
123, 38
124, 40
125, 43
126, 45
127, 47
128, 52
129, 49
130, 45
131, 37
132, 37
133, 36
134, 40
135, 38
136, 39
137, 39
138, 42
139, 40
140, 34
141, 36
142, 48
143, 58
144, 52
145, 39
146, 29
147, 43
148, 47
149, 51
150, 41
151, 39
152, 40
153, 37
154, 40
155, 37
156, 35
157, 32
158, 33
159, 36
160, 37
161, 47
162, 46
163, 44
164, 35
165, 38
166, 32
167, 34
168, 38
169, 42
170, 37
171, 44
172, 49
173, 40
174, 34
175, 34
176, 34
177, 43
178, 41
179, 45
180, 41
181, 42
182, 38
183, 35
184, 40
185, 26
186, 29
187, 38
188, 39
189, 47
190, 45
191, 44
192, 36
193, 38
194, 34
195, 37
196, 32
197, 37
198, 33
199, 31
200, 30
201, 38
202, 34
203, 31
204, 32
205, 43
206, 49
207, 46
208, 40
209, 40
210, 39
211, 40
212, 36
213, 36
214, 35
215, 36
216, 44
217, 44
218, 37
219, 33
220, 36
221, 43
222, 42
223, 29
224, 28
225, 41
226, 44
227, 38
228, 35
229, 29
230, 39
231, 36
232, 40
233, 39
234, 42
235, 40
236, 49
237, 49
238, 52
239, 41
240, 52
241, 50
242, 41
243, 37
244, 40
245, 44
246, 41
247, 34
248, 31
249, 37
250, 32
251, 30
252, 37
253, 42
254, 43
255, 36
256, 43
257, 38
258, 39
259, 36
260, 36
261, 43
262, 48
263, 44
264, 40
265, 41
266, 48
267, 39
268, 41
269, 36
270, 35
271, 40
272, 39
273, 52
274, 48
275, 41
276, 27
277, 41
278, 52
279, 51
280, 35
281, 36
282, 40
283, 48
284, 40
285, 34
286, 27
287, 34
288, 42
289, 36
290, 34
291, 43
292, 49
293, 49
294, 32
295, 35
296, 38
297, 37
298, 35
299, 37
300, 35
301, 45
302, 37
303, 35
304, 34
305, 41
306, 49
307, 51
308, 51
309, 49
310, 39
311, 46
312, 40
313, 43
314, 46
315, 44
316, 45
317, 37
318, 31
319, 26
320, 37
321, 40
322, 40
323, 43
324, 45
325, 40
326, 46
327, 38
328, 35
329, 31
330, 32
331, 41
332, 40
333, 36
334, 40
335, 48
336, 43
337, 40
338, 33
339, 42
340, 48
341, 43
342, 46
343, 52
344, 49
345, 45
346, 48
347, 37
348, 36
349, 40
350, 45
351, 47
352, 47
353, 39
354, 36
355, 35
356, 35
357, 43
358, 39
359, 43
360, 39
361, 47
362, 49
363, 41
364, 31
365, 26
366, 24
367, 30
368, 44
369, 50
370, 48
371, 43
372, 39
373, 34
374, 35
375, 40
376, 45
377, 38
378, 41
379, 41
380, 49
381, 53
382, 45
383, 29
384, 27
385, 31
386, 44
387, 46
388, 49
389, 50
390, 52
391, 43
392, 35
393, 37
394, 37
395, 36
396, 36
397, 44
398, 43
399, 37
400, 38
401, 36
402, 39
403, 45
404, 43
405, 32
406, 33
407, 40
408, 44
409, 49
410, 39
411, 43
412, 40
413, 37
414, 35
415, 34
416, 35
417, 41
418, 41
419, 41
420, 40
421, 43
422, 33
423, 41
424, 44
425, 53
426, 51
427, 39
428, 33
429, 35
430, 36
431, 32
432, 39
433, 43
434, 54
435, 45
436, 44
437, 51
438, 53
439, 43
440, 45
441, 46
442, 48
443, 52
444, 51
445, 44
446, 51
447, 41
448, 34
449, 30
450, 41
451, 45
452, 41
453, 46
454, 42
455, 41
456, 37
457, 37
458, 39
459, 39
460, 41
461, 46
462, 41
463, 36
464, 35
465, 38
466, 38
467, 35
468, 39
469, 49
470, 48
471, 50
472, 45
473, 36
474, 33
475, 32
476, 41
477, 51
478, 47
479, 34
480, 28
481, 33
482, 39
483, 35
484, 37
485, 45
486, 46
487, 36
488, 37
489, 45
490, 44
491, 38
492, 43
493, 41
494, 40
495, 48
496, 58
497, 57
498, 54
499, 51
500, 50
501, 47
502, 46
503, 46
504, 42
505, 40
506, 36
507, 35
508, 32
509, 34
510, 36
511, 39
512, 39
513, 36
514, 35
515, 35
516, 37
517, 29
518, 35
519, 45
520, 53
521, 51
522, 52
523, 36
524, 36
525, 41
526, 41
527, 45
528, 50
529, 52
530, 52
531, 44
532, 36
533, 35
534, 39
535, 43
536, 35
537, 38
538, 45
539, 46
540, 42
541, 30
542, 31
543, 33
544, 36
545, 38
546, 43
547, 46
548, 43
549, 43
550, 36
551, 34
552, 27
553, 26
554, 25
555, 25
556, 32
557, 30
558, 35
559, 37
560, 39
561, 37
562, 30
563, 32
564, 36
565, 33
566, 34
567, 38
568, 36
569, 39
570, 36
571, 31
572, 32
573, 33
574, 39
575, 38
576, 39
577, 34
578, 32
579, 40
580, 42
581, 38
582, 37
583, 35
584, 39
585, 36
586, 46
587, 43
588, 38
589, 30
590, 33
591, 39
592, 35
593, 48
594, 44
595, 38
596, 50
597, 52
598, 40
599, 38
600, 45
601, 50
602, 54
603, 48
604, 39
605, 41
606, 39
607, 34
608, 31
609, 44
610, 45
611, 46
612, 45
613, 44
614, 37
615, 37
616, 40
617, 37
618, 33
619, 35
620, 44
621, 46
622, 43
623, 39
624, 38
625, 42
626, 33
627, 34
628, 33
629, 33
630, 36
631, 42
632, 40
633, 30
634, 31
635, 39
636, 43
637, 42
638, 39
639, 35
640, 31
641, 35
642, 40
643, 40
644, 28
645, 26
646, 32
647, 34
648, 40
649, 40
650, 39
651, 36
652, 35
653, 44
654, 48
655, 42
656, 30
657, 34
658, 46
659, 45
660, 35
661, 41
662, 49
663, 35
664, 38
665, 40
666, 37
667, 28
668, 32
669, 35
670, 30
671, 24
672, 32
673, 39
674, 46
675, 36
676, 38
677, 38
678, 37
679, 46
680, 47
681, 43
682, 44
683, 46
684, 42
685, 33
686, 35
687, 37
688, 34
689, 28
690, 41
691, 45
692, 45
693, 41
694, 38
695, 40
696, 37
697, 29
698, 37
699, 42
700, 38
701, 30
702, 38
703, 43
704, 43
705, 36
706, 36
707, 43
708, 49
709, 45
710, 37
711, 35
712, 30
713, 28
714, 35
715, 44
716, 45
717, 44
718, 24
719, 27
720, 33
721, 42
722, 41
723, 52
724, 49
725, 46
726, 36
727, 43
728, 47
729, 54
730, 47
731, 46
732, 37
733, 31
734, 45
735, 55
736, 52
737, 45
738, 47
739, 50
740, 50
741, 41
742, 34
743, 47
744, 45
745, 41
746, 45
747, 41
748, 37
749, 39
750, 48
751, 45
752, 38
753, 38
754, 52
755, 42
756, 39
757, 39
758, 37
759, 36
760, 46
761, 47
762, 34
763, 27
764, 28
765, 37
766, 45
767, 41
768, 30
769, 43
770, 42
771, 38
772, 30
773, 38
774, 42
775, 47
776, 45
777, 43
778, 43
779, 39
780, 40
781, 39
782, 40
783, 43
784, 49
785, 42
786, 45
787, 45
788, 38
789, 32
790, 32
791, 35
792, 37
793, 42
794, 49
795, 45
796, 35
797, 40
798, 41
799, 42
800, 42
801, 37
802, 34
803, 44
804, 48
805, 51
806, 43
807, 35
808, 39
809, 42
810, 47
811, 47
812, 36
813, 34
814, 38
815, 39
816, 39
817, 44
818, 43
819, 44
820, 39
821, 46
822, 45
823, 53
824, 52
825, 40
826, 32
827, 29
828, 28
829, 29
830, 24
831, 35
832, 34
833, 41
834, 45
835, 51
836, 52
837, 46
838, 44
839, 46
840, 47
841, 41
842, 41
843, 37
844, 41
845, 44
846, 38
847, 46
848, 45
849, 35
850, 42
851, 35
852, 35
853, 40
854, 31
855, 33
856, 42
857, 47
858, 49
859, 45
860, 40
861, 38
862, 29
863, 37
864, 39
865, 32
866, 32
867, 33
868, 30
869, 34
870, 44
871, 40
872, 36
873, 37
874, 47
875, 57
876, 56
877, 47
878, 47
879, 58
880, 54
881, 61
882, 51
883, 38
884, 30
885, 38
886, 40
887, 42
888, 46
889, 42
890, 34
891, 36
892, 43
893, 49
894, 45
895, 43
896, 50
897, 48
898, 40
899, 41
900, 38
901, 38
902, 43
903, 44
904, 42
905, 53
906, 57
907, 51
908, 43
909, 36
910, 35
911, 45
912, 45
913, 36
914, 31
915, 41
916, 47
917, 40
918, 39
919, 36
920, 34
921, 44
922, 44
923, 38
924, 28
925, 36
926, 46
927, 45
928, 40
929, 39
930, 37
931, 26
932, 32
933, 35
934, 38
935, 46
936, 44
937, 42
938, 33
939, 30
940, 25
941, 31
942, 37
943, 34
944, 37
945, 37
946, 35
947, 40
948, 39
949, 39
950, 29
951, 36
952, 51
953, 53
954, 42
955, 29
956, 33
957, 42
958, 48
959, 40
960, 55
961, 57
962, 55
963, 39
964, 28
965, 32
966, 32
967, 39
968, 41
969, 49
970, 38
971, 26
972, 32
973, 46
974, 44
975, 38
976, 39
977, 54
978, 45
979, 39
980, 37
981, 36
982, 34
983, 32
984, 32
985, 32
986, 33
987, 37
988, 44
989, 50
990, 40
991, 47
992, 50
993, 43
994, 38
995, 35
996, 45
997, 41
998, 38
999, 40
1000, 36
1001, 37
1002, 33
1003, 34
1004, 32
1005, 37
1006, 41
1007, 44
1008, 38
1009, 44
1010, 43
1011, 43
1012, 38
1013, 36
1014, 41
1015, 42
1016, 44
1017, 31
1018, 33
1019, 38
1020, 37
1021, 40
1022, 51
1023, 42
1024, 33
1025, 26
1026, 29
1027, 31
1028, 38
1029, 44
1030, 45
1031, 40
1032, 40
1033, 35
1034, 36
1035, 33
1036, 37
1037, 36
1038, 37
1039, 37
1040, 41
1041, 44
1042, 48
1043, 47
1044, 48
1045, 45
1046, 52
1047, 46
1048, 34
1049, 26
1050, 27
1051, 38
1052, 42
1053, 36
1054, 39
1055, 33
1056, 43
1057, 46
1058, 43
1059, 35
1060, 37
1061, 36
1062, 36
1063, 37
1064, 43
1065, 32
1066, 35
1067, 41
1068, 43
1069, 44
1070, 38
1071, 32
1072, 30
1073, 35
1074, 41
1075, 44
1076, 43
1077, 44
1078, 40
1079, 36
1080, 41
1081, 44
1082, 43
1083, 41
1084, 40
1085, 37
1086, 41
1087, 41
1088, 37
1089, 46
1090, 39
1091, 35
1092, 31
1093, 30
1094, 39
1095, 31
1096, 30
1097, 36
1098, 40
1099, 40
1100, 37
1101, 37
1102, 32
1103, 43
1104, 38
1105, 47
1106, 43
1107, 44
1108, 50
1109, 52
1110, 46
1111, 43
1112, 38
1113, 39
1114, 32
1115, 24
1116, 30
1117, 45
1118, 40
1119, 38
1120, 46
1121, 52
1122, 51
1123, 44
1124, 52
1125, 56
1126, 46
1127, 36
1128, 41
1129, 48
1130, 42
1131, 42
1132, 37
1133, 27
1134, 28
1135, 30
1136, 34
1137, 43
1138, 39
1139, 38
1140, 37
1141, 37
1142, 43
1143, 40
1144, 33
1145, 29
1146, 38
1147, 39
1148, 36
1149, 33
1150, 42
1151, 49
1152, 42
1153, 40
1154, 45
1155, 42
1156, 40
1157, 33
1158, 32
1159, 39
1160, 47
1161, 46
1162, 36
1163, 48
1164, 51
1165, 46
1166, 41
1167, 38
1168, 32
1169, 41
1170, 41
1171, 44
1172, 40
1173, 38
1174, 41
1175, 43
1176, 39
1177, 47
1178, 41
1179, 42
1180, 40
1181, 40
1182, 43
1183, 55
1184, 56
1185, 50
1186, 36
1187, 33
1188, 40
1189, 40
1190, 33
1191, 35
1192, 45
1193, 56
1194, 48
1195, 46
1196, 45
1197, 49
1198, 45
1199, 49
1200, 42
1201, 40
1202, 40
1203, 36
1204, 37
1205, 39
1206, 45
1207, 52
1208, 51
1209, 50
1210, 39
1211, 37
1212, 32
1213, 47
1214, 48
1215, 39
1216, 31
1217, 36
1218, 37
1219, 38
1220, 33
1221, 35
1222, 46
1223, 53
1224, 51
1225, 38
1226, 41
1227, 45
1228, 39
1229, 40
1230, 43
1231, 39
1232, 35
1233, 40
1234, 47
1235, 47
1236, 37
1237, 41
1238, 38
1239, 39
1240, 42
1241, 47
1242, 50
1243, 43
1244, 41
1245, 42
1246, 44
1247, 48
1248, 35
1249, 40
1250, 34
1251, 30
1252, 32
1253, 44
1254, 39
1255, 33
1256, 38
1257, 41
1258, 37
1259, 40
1260, 32
1261, 32
1262, 31
1263, 37
1264, 42
1265, 41
1266, 31
1267, 36
1268, 38
1269, 43
1270, 39
1271, 32
1272, 38
1273, 41
1274, 35
1275, 34
1276, 34
1277, 43
1278, 42
1279, 39
1280, 40
1281, 47
1282, 50
1283, 47
1284, 44
1285, 47
1286, 40
1287, 46
1288, 49
1289, 33
1290, 33
1291, 33
1292, 35
1293, 27
1294, 34
1295, 34
1296, 40
1297, 41
1298, 48
1299, 45
1300, 48
1301, 47
1302, 41
1303, 41
1304, 36
1305, 32
1306, 38
1307, 39
1308, 40
1309, 33
1310, 41
1311, 46
1312, 45
1313, 39
1314, 38
1315, 33
1316, 31
1317, 38
1318, 35
1319, 45
1320, 39
1321, 41
1322, 38
1323, 37
1324, 42
1325, 42
1326, 44
1327, 53
1328, 50
1329, 46
1330, 28
1331, 30
1332, 39
1333, 39
1334, 40
1335, 37
1336, 40
1337, 36
1338, 38
1339, 41
1340, 43
1341, 43
1342, 41
1343, 43
1344, 45
1345, 41
1346, 42
1347, 37
1348, 40
1349, 42
1350, 39
1351, 46
1352, 46
1353, 44
1354, 39
1355, 42
1356, 41
1357, 34
1358, 36
1359, 43
1360, 47
1361, 45
1362, 42
1363, 36
1364, 38
1365, 34
1366, 35
1367, 40
1368, 52
1369, 54
1370, 45
1371, 44
1372, 32
1373, 31
1374, 37
1375, 34
1376, 40
1377, 42
1378, 35
1379, 31
1380, 35
1381, 42
1382, 45
1383, 42
1384, 43
1385, 47
1386, 46
1387, 44
1388, 48
1389, 46
1390, 39
1391, 38
1392, 31
1393, 34
1394, 40
1395, 36
1396, 34
1397, 34
1398, 36
1399, 37
1400, 37
1401, 46
1402, 43
1403, 35
1404, 33
1405, 54
1406, 56
1407, 39
1408, 38
1409, 47
1410, 44
1411, 45
1412, 45
1413, 46
1414, 51
1415, 41
1416, 40
1417, 40
1418, 44
1419, 47
1420, 47
1421, 43
1422, 37
1423, 34
1424, 35
1425, 42
1426, 47
1427, 46
1428, 43
1429, 35
1430, 32
1431, 37
1432, 32
1433, 29
1434, 32
1435, 40
1436, 45
1437, 45
1438, 45
1439, 49
1440, 38
1441, 33
1442, 30
1443, 31
1444, 39
1445, 41
1446, 50
1447, 54
1448, 39
1449, 33
1450, 40
1451, 41
1452, 39
1453, 44
1454, 40
1455, 42
1456, 49
1457, 43
1458, 38
1459, 31
1460, 35
1461, 32
1462, 28
1463, 41
1464, 46
1465, 54
1466, 54
1467, 46
1468, 48
1469, 56
1470, 55
1471, 50
1472, 38
1473, 38
1474, 42
1475, 36
1476, 40
1477, 39
1478, 39
1479, 46
1480, 48
1481, 51
1482, 46
1483, 45
1484, 34
1485, 40
1486, 42
1487, 41
1488, 41
1489, 35
1490, 44
1491, 43
1492, 44
1493, 36
1494, 45
1495, 45
1496, 52
1497, 44
1498, 40
1499, 50
1500, 48
1501, 47
1502, 44
1503, 41
1504, 44
1505, 35
1506, 35
1507, 35
1508, 35
1509, 35
1510, 38
1511, 39
1512, 43
1513, 48
1514, 55
1515, 53
1516, 46
1517, 44
1518, 48
1519, 52
1520, 51
1521, 50
1522, 46
1523, 44
1524, 50
1525, 52
1526, 52
1527, 42
1528, 42
1529, 44
1530, 45
1531, 40
1532, 43
1533, 39
1534, 34
1535, 41
1536, 38
1537, 39
1538, 48
1539, 53
1540, 43
1541, 31
1542, 39
1543, 36
1544, 39
1545, 35
1546, 39
1547, 41
1548, 46
1549, 48
1550, 39
1551, 35
1552, 34
1553, 41
1554, 42
1555, 46
1556, 41
1557, 38
1558, 43
1559, 42
1560, 37
1561, 38
1562, 37
1563, 43
1564, 51
1565, 46
1566, 43
1567, 32
1568, 38
1569, 42
1570, 36
1571, 30
1572, 39
1573, 50
1574, 46
1575, 40
1576, 39
1577, 44
1578, 43
1579, 39
1580, 41
1581, 47
1582, 46
1583, 49
1584, 41
1585, 40
1586, 53
1587, 39
1588, 32
1589, 41
1590, 46
1591, 43
1592, 39
1593, 37
1594, 32
1595, 36
1596, 40
1597, 41
1598, 36
1599, 34
1600, 42
1601, 40
1602, 39
1603, 37
1604, 38
1605, 41
1606, 41
1607, 38
1608, 43
1609, 50
1610, 45
1611, 38
1612, 40
1613, 46
1614, 39
1615, 48
1616, 45
1617, 44
1618, 38
1619, 34
1620, 44
1621, 41
1622, 31
1623, 34
1624, 39
1625, 38
1626, 38
1627, 46
1628, 42
1629, 43
1630, 39
1631, 49
1632, 45
1633, 42
1634, 39
1635, 46
1636, 51
1637, 41
1638, 36
1639, 37
1640, 37
1641, 43
1642, 35
1643, 38
1644, 35
1645, 34
1646, 39
1647, 41
1648, 40
1649, 41
1650, 39
1651, 40
1652, 38
1653, 35
1654, 34
1655, 31
1656, 28
1657, 32
1658, 43
1659, 45
1660, 40
1661, 36
1662, 42
1663, 46
1664, 37
1665, 35
1666, 32
1667, 39
1668, 37
1669, 40
1670, 38
1671, 36
1672, 36
1673, 44
1674, 40
1675, 45
1676, 33
1677, 40
1678, 42
1679, 38
1680, 37
1681, 48
1682, 45
1683, 38
1684, 40
1685, 34
1686, 43
1687, 42
1688, 44
1689, 38
1690, 37
1691, 39
1692, 38
1693, 35
1694, 43
1695, 40
1696, 34
1697, 37
1698, 44
1699, 40
1700, 34
1701, 30
1702, 34
1703, 47
1704, 46
1705, 44
1706, 38
1707, 36
1708, 38
1709, 44
1710, 40
1711, 40
1712, 34
1713, 32
1714, 36
1715, 43
1716, 49
1717, 48
1718, 38
1719, 43
1720, 38
1721, 38
1722, 32
1723, 43
1724, 43
1725, 49
1726, 38
1727, 42
1728, 45
1729, 45
1730, 35
1731, 42
1732, 39
1733, 45
1734, 54
1735, 44
1736, 39
1737, 34
1738, 34
1739, 39
1740, 38
1741, 33
1742, 41
1743, 39
1744, 52
1745, 47
1746, 37
1747, 29
1748, 34
1749, 36
1750, 42
1751, 32
1752, 40
1753, 34
1754, 43
1755, 35
1756, 35
1757, 35
1758, 37
1759, 34
1760, 32
1761, 30
1762, 32
1763, 39
1764, 39
1765, 39
1766, 37
1767, 37
1768, 35
1769, 40
1770, 37
1771, 36
1772, 34
1773, 39
1774, 55
1775, 44
1776, 42
1777, 32
1778, 33
1779, 33
1780, 34
1781, 42
1782, 49
1783, 43
1784, 37
1785, 38
1786, 36
1787, 38
1788, 35
1789, 33
1790, 34
1791, 36
1792, 47
1793, 34
1794, 43
1795, 46
1796, 39
1797, 41
1798, 38
1799, 44
1800, 39
1801, 38
1802, 36
1803, 32
1804, 38
1805, 43
1806, 44
1807, 36
1808, 39
1809, 42
1810, 39
1811, 36
1812, 44
1813, 52
1814, 39
1815, 43
1816, 36
1817, 41
1818, 50
1819, 52
1820, 37
1821, 46
1822, 47
1823, 55
1824, 48
1825, 39
1826, 43
1827, 49
1828, 39
1829, 30
1830, 36
1831, 43
1832, 40
1833, 31
1834, 43
1835, 41
1836, 38
1837, 38
1838, 40
1839, 38
1840, 39
1841, 37
1842, 39
1843, 37
1844, 35
1845, 41
1846, 38
1847, 41
1848, 43
1849, 52
1850, 50
1851, 42
1852, 33
1853, 36
1854, 37
1855, 45
1856, 44
1857, 42
1858, 37
1859, 45
1860, 49
1861, 50
1862, 45
1863, 40
1864, 42
1865, 37
1866, 27
1867, 31
1868, 34
1869, 40
1870, 36
1871, 41
1872, 40
1873, 40
1874, 37
1875, 40
1876, 42
1877, 48
1878, 48
1879, 46
1880, 35
1881, 34
1882, 35
1883, 38
1884, 43
1885, 45
1886, 39
1887, 38
1888, 33
1889, 26
1890, 33
1891, 40
1892, 44
1893, 49
1894, 47
1895, 45
1896, 53
1897, 49
1898, 43
1899, 42
1900, 44
1901, 45
1902, 37
1903, 38
1904, 37
1905, 38
1906, 37
1907, 36
1908, 32
1909, 32
1910, 30
1911, 30
1912, 27
1913, 29
1914, 27
1915, 36
1916, 43
1917, 42
1918, 45
1919, 46
1920, 45
1921, 39
1922, 40
1923, 36
1924, 34
1925, 41
1926, 43
1927, 41
1928, 41
1929, 40
1930, 42
1931, 37
1932, 33
1933, 36
1934, 46
1935, 44
1936, 41
1937, 39
1938, 42
1939, 43
1940, 45
1941, 40
1942, 57
1943, 51
1944, 53
1945, 46
1946, 43
1947, 43
1948, 38
1949, 35
1950, 43
1951, 39
1952, 35
1953, 34
1954, 32
1955, 43
1956, 48
1957, 46
1958, 43
1959, 42
1960, 39
1961, 42
1962, 42
1963, 42
1964, 43
1965, 49
1966, 49
1967, 51
1968, 45
1969, 45
1970, 46
1971, 50
1972, 53
1973, 50
1974, 46
1975, 42
1976, 46
1977, 44
1978, 41
1979, 36
1980, 29
1981, 26
1982, 40
1983, 40
1984, 38
1985, 31
1986, 28
1987, 30
1988, 37
1989, 45
1990, 38
1991, 37
1992, 39
1993, 50
1994, 43
1995, 49
1996, 48
1997, 42
1998, 35
1999, 33
2000, 31
2001, 39
2002, 37
2003, 34
2004, 28
2005, 43
2006, 45
2007, 37
2008, 35
2009, 36
2010, 38
2011, 42
2012, 40
2013, 31
2014, 31
2015, 42
2016, 39
2017, 29
2018, 43
2019, 49
2020, 48
2021, 44
2022, 38
2023, 47
2024, 50
2025, 45
2026, 44
2027, 41
2028, 40
2029, 28
2030, 30
2031, 33
2032, 44
2033, 37
2034, 46
2035, 45
2036, 51
2037, 54
2038, 47
2039, 44
2040, 42
2041, 41
2042, 37
2043, 42
2044, 42
2045, 44
2046, 41
2047, 35
2048, 33
2049, 37
2050, 43
2051, 45
2052, 37
2053, 40
2054, 35
2055, 38
2056, 36
2057, 38
2058, 43
2059, 41
2060, 48
2061, 50
2062, 52
2063, 47
2064, 44
2065, 39
2066, 40
2067, 42
2068, 44
2069, 33
2070, 42
2071, 39
2072, 38
2073, 38
2074, 36
2075, 41
2076, 41
2077, 36
2078, 30
2079, 31
2080, 33
2081, 48
2082, 42
2083, 39
2084, 45
2085, 54
2086, 45
2087, 45
2088, 47
2089, 48
2090, 44
2091, 37
2092, 44
2093, 47
2094, 37
2095, 37
2096, 41
2097, 45
2098, 36
2099, 32
2100, 39
2101, 40
2102, 31
2103, 23
2104, 31
2105, 41
2106, 36
2107, 32
2108, 27
2109, 29
2110, 30
2111, 32
2112, 38
2113, 39
2114, 45
2115, 36
2116, 39
2117, 36
2118, 34
2119, 35
2120, 34
2121, 32
2122, 47
2123, 44
2124, 34
2125, 30
2126, 40
2127, 40
2128, 37
2129, 47
2130, 49
2131, 39
2132, 38
2133, 41
2134, 42
2135, 38
2136, 32
2137, 39
2138, 34
2139, 34
2140, 38
2141, 45
2142, 35
2143, 46
2144, 50
2145, 40
2146, 33
2147, 34
2148, 43
2149, 46
2150, 38
2151, 44
2152, 40
2153, 38
2154, 34
2155, 39
2156, 42
2157, 49
2158, 51
2159, 44
2160, 33
2161, 30
2162, 37
2163, 41
2164, 37
2165, 41
2166, 47
2167, 44
2168, 50
2169, 44
2170, 53
2171, 44
2172, 50
2173, 46
2174, 42
2175, 40
2176, 44
2177, 43
2178, 47
2179, 48
2180, 51
2181, 46
2182, 46
2183, 48
2184, 49
2185, 46
2186, 52
2187, 44
2188, 43
2189, 46
2190, 34
2191, 38
2192, 34
2193, 39
2194, 39
2195, 33
2196, 40
2197, 40
2198, 37
2199, 33
2200, 33
2201, 36
2202, 33
2203, 27
2204, 37
2205, 34
2206, 30
2207, 28
2208, 35
2209, 37
2210, 35
2211, 37
2212, 40
2213, 38
2214, 35
2215, 32
2216, 35
2217, 35
2218, 40
2219, 41
2220, 37
2221, 45
2222, 42
2223, 38
2224, 38
2225, 49
2226, 47
2227, 47
2228, 42
2229, 44
2230, 38
2231, 39
2232, 44
2233, 41
2234, 38
2235, 37
2236, 37
2237, 37
2238, 35
2239, 46
2240, 42
2241, 34
2242, 27
2243, 34
2244, 39
2245, 43
2246, 36
2247, 40
2248, 37
2249, 42
2250, 48
2251, 52
2252, 38
2253, 35
2254, 45
2255, 54
2256, 49
2257, 40
2258, 34
2259, 37
2260, 37
2261, 39
2262, 33
2263, 39
2264, 38
2265, 39
2266, 34
2267, 31
2268, 31
2269, 39
2270, 41
2271, 41
2272, 41
2273, 41
2274, 49
2275, 51
2276, 48
2277, 41
2278, 33
2279, 33
2280, 39
2281, 33
2282, 38
2283, 33
2284, 45
2285, 43
2286, 44
2287, 37
2288, 34
2289, 42
2290, 54
2291, 51
2292, 43
2293, 39
2294, 43
2295, 43
2296, 49
2297, 42
2298, 43
2299, 41
2300, 38
2301, 34
2302, 37
2303, 43
2304, 50
2305, 44
2306, 46
2307, 44
2308, 39
2309, 36
2310, 30
2311, 28
2312, 29
2313, 37
2314, 43
2315, 48
2316, 41
2317, 36
2318, 43
2319, 44
2320, 39
2321, 39
2322, 40
2323, 40
2324, 38
2325, 35
2326, 39
2327, 40
2328, 43
2329, 43
2330, 44
2331, 36
2332, 38
2333, 47
2334, 57
2335, 48
2336, 38
2337, 36
2338, 31
2339, 31
2340, 27
2341, 42
2342, 48
2343, 43
2344, 41
2345, 39
2346, 40
2347, 44
2348, 45
2349, 52
2350, 50
2351, 43
2352, 43
2353, 43
2354, 39
2355, 30
2356, 37
2357, 40
2358, 39
2359, 32
2360, 34
2361, 28
2362, 42
2363, 46
2364, 46
2365, 35
2366, 38
2367, 41
2368, 53
2369, 48
2370, 43
2371, 28
2372, 28
2373, 42
2374, 35
2375, 35
2376, 42
2377, 48
2378, 41
2379, 47
2380, 48
2381, 41
2382, 37
2383, 34
2384, 36
2385, 42
2386, 39
2387, 38
2388, 38
2389, 35
2390, 34
2391, 37
2392, 34
2393, 33
2394, 28
2395, 25
2396, 35
2397, 43
2398, 35
2399, 33
2400, 38
2401, 45
2402, 47
2403, 43
2404, 43
2405, 41
2406, 37
2407, 30
2408, 36
2409, 37
2410, 36
2411, 33
2412, 44
2413, 48
2414, 41
2415, 39
2416, 37
2417, 44
2418, 46
2419, 47
2420, 36
2421, 37
2422, 48
2423, 54
2424, 54
2425, 35
2426, 28
2427, 27
2428, 36
2429, 38
2430, 38
2431, 39
2432, 43
2433, 39
2434, 32
2435, 29
2436, 34
2437, 31
2438, 33
2439, 33
2440, 35
2441, 40
2442, 45
2443, 37
2444, 31
2445, 27
2446, 32
2447, 36
2448, 28
2449, 31
2450, 32
2451, 32
2452, 37
2453, 43
2454, 47
2455, 40
2456, 46
2457, 47
2458, 36
2459, 37
2460, 34
2461, 35
2462, 41
2463, 42
2464, 39
2465, 41
2466, 41
2467, 33
2468, 39
2469, 45
2470, 43
2471, 36
2472, 35
2473, 42
2474, 43
2475, 46
2476, 58
2477, 53
2478, 49
2479, 37
2480, 36
2481, 32
2482, 39
2483, 40
2484, 44
2485, 43
2486, 36
2487, 35
2488, 36
2489, 35
2490, 35
2491, 38
2492, 33
2493, 37
2494, 42
2495, 40
2496, 33
2497, 29
2498, 27
2499, 27
2500, 29
2501, 36
2502, 40
2503, 37
2504, 38
2505, 42
2506, 37
2507, 44
2508, 38
2509, 36
2510, 37
2511, 37
2512, 36
2513, 29
2514, 31
2515, 43
2516, 46
2517, 37
2518, 32
2519, 35
2520, 46
2521, 41
2522, 31
2523, 36
2524, 35
2525, 42
2526, 39
2527, 39
2528, 43
2529, 44
2530, 41
2531, 39
2532, 37
2533, 39
2534, 41
2535, 50
2536, 53
2537, 46
2538, 43
2539, 46
2540, 45
2541, 45
2542, 37
2543, 43
2544, 41
2545, 42
2546, 50
2547, 48
2548, 59
2549, 49
2550, 50
2551, 45
2552, 44
2553, 35
2554, 36
2555, 40
2556, 36
2557, 37
2558, 46
2559, 49
2560, 43
2561, 30
2562, 28
2563, 29
2564, 29
2565, 37
2566, 42
2567, 42
2568, 40
2569, 31
2570, 46
2571, 44
2572, 41
2573, 39
2574, 34
2575, 39
2576, 41
2577, 46
2578, 41
2579, 36
2580, 34
2581, 38
2582, 34
2583, 43
2584, 40
2585, 42
2586, 46
2587, 41
2588, 50
2589, 45
2590, 47
2591, 34
2592, 36
2593, 42
2594, 45
2595, 48
2596, 39
2597, 36
2598, 39
2599, 45
2600, 46
2601, 38
2602, 37
2603, 41
2604, 41
2605, 37
2606, 38
2607, 40
2608, 40
2609, 39
2610, 43
2611, 50
2612, 47
2613, 37
2614, 33
2615, 38
2616, 35
2617, 39
2618, 36
2619, 37
2620, 38
2621, 36
2622, 34
2623, 32
2624, 31
2625, 39
2626, 49
2627, 49
2628, 43
2629, 34
2630, 34
2631, 38
2632, 37
2633, 38
2634, 39
2635, 49
2636, 38
2637, 39
2638, 36
2639, 35
2640, 38
2641, 33
2642, 38
2643, 41
2644, 44
2645, 48
2646, 43
2647, 39
2648, 30
2649, 25
2650, 37
2651, 42
2652, 38
2653, 28
2654, 36
2655, 36
2656, 38
2657, 43
2658, 42
2659, 38
2660, 40
2661, 39
2662, 42
2663, 37
2664, 37
2665, 39
2666, 41
2667, 38
2668, 47
2669, 34
2670, 38
2671, 41
2672, 38
2673, 32
2674, 33
2675, 39
2676, 38
2677, 47
2678, 56
2679, 45
2680, 40
2681, 43
2682, 49
2683, 48
2684, 38
2685, 33
2686, 35
2687, 30
2688, 37
2689, 42
2690, 40
2691, 38
2692, 42
2693, 35
2694, 37
2695, 40
2696, 42
2697, 44
2698, 37
2699, 42
2700, 38
2701, 36
2702, 39
2703, 41
2704, 41
2705, 34
2706, 32
2707, 36
2708, 47
2709, 43
2710, 46
2711, 37
2712, 40
2713, 31
2714, 34
2715, 36
2716, 43
2717, 49
2718, 51
2719, 46
2720, 43
2721, 44
2722, 43
2723, 49
2724, 42
2725, 32
2726, 38
2727, 44
2728, 46
2729, 43
2730, 40
2731, 37
2732, 42
2733, 30
2734, 29
2735, 43
2736, 50
2737, 45
2738, 36
2739, 36
2740, 33
2741, 29
2742, 36
2743, 49
2744, 53
2745, 50
2746, 40
2747, 32
2748, 30
2749, 36
2750, 49
2751, 51
2752, 46
2753, 44
2754, 41
2755, 35
2756, 36
2757, 36
2758, 31
2759, 30
2760, 34
2761, 44
2762, 44
2763, 52
2764, 46
2765, 48
2766, 54
2767, 57
2768, 45
2769, 42
2770, 38
2771, 42
2772, 39
2773, 39
2774, 34
2775, 40
2776, 36
2777, 42
2778, 44
2779, 39
2780, 32
2781, 31
2782, 31
2783, 38
2784, 39
2785, 33
2786, 38
2787, 34
2788, 37
2789, 36
2790, 44
2791, 49
2792, 43
2793, 42
2794, 42
2795, 43
2796, 43
2797, 38
2798, 39
2799, 39
2800, 31
2801, 32
2802, 36
2803, 32
2804, 31
2805, 36
2806, 47
2807, 49
2808, 42
2809, 36
2810, 32
2811, 37
2812, 37
2813, 35
2814, 27
2815, 30
2816, 36
2817, 35
2818, 35
2819, 35
2820, 37
2821, 41
2822, 45
2823, 58
2824, 55
2825, 38
2826, 37
2827, 43
2828, 41
2829, 38
2830, 41
2831, 46
2832, 51
2833, 45
2834, 43
2835, 34
2836, 27
2837, 30
2838, 37
2839, 45
2840, 49
2841, 43
2842, 50
2843, 50
2844, 51
2845, 50
2846, 41
2847, 54
2848, 59
2849, 47
2850, 34
2851, 34
2852, 42
2853, 34
2854, 42
2855, 51
2856, 37
2857, 31
2858, 27
2859, 33
2860, 42
2861, 44
2862, 46
2863, 48
2864, 50
2865, 36
2866, 38
2867, 44
2868, 41
2869, 44
2870, 50
2871, 44
2872, 46
2873, 49
2874, 41
2875, 37
2876, 41
2877, 48
2878, 49
2879, 47
2880, 50
2881, 38
2882, 37
2883, 36
2884, 41
2885, 47
2886, 53
2887, 48
2888, 45
2889, 44
2890, 44
2891, 43
2892, 39
2893, 29
2894, 30
2895, 39
2896, 32
2897, 35
2898, 44
2899, 38
2900, 40
2901, 57
2902, 50
2903, 36
2904, 39
2905, 32
2906, 33
2907, 33
2908, 41
2909, 47
2910, 37
2911, 39
2912, 42
2913, 45
2914, 42
2915, 42
2916, 41
2917, 36
2918, 37
2919, 44
2920, 44
2921, 45
2922, 38
2923, 35
2924, 39
2925, 39
2926, 58
2927, 51
2928, 38
2929, 40
2930, 45
2931, 55
2932, 46
2933, 38
2934, 46
2935, 49
2936, 40
2937, 41
2938, 37
2939, 47
2940, 53
2941, 45
2942, 38
2943, 36
2944, 37
2945, 49
2946, 42
2947, 38
2948, 36
2949, 38
2950, 41
2951, 41
2952, 49
2953, 50
2954, 53
2955, 37
2956, 38
2957, 31
2958, 37
2959, 44
2960, 36
2961, 23
2962, 31
2963, 39
2964, 39
2965, 37
2966, 40
2967, 41
2968, 46
2969, 41
2970, 38
2971, 30
2972, 35
2973, 43
2974, 44
2975, 40
2976, 36
2977, 31
2978, 33
2979, 40
2980, 46
2981, 52
2982, 45
2983, 48
2984, 44
2985, 43
2986, 42
2987, 39
2988, 33
2989, 31
2990, 34
2991, 37
2992, 42
2993, 34
2994, 40
2995, 41
2996, 37
2997, 36
2998, 34
2999, 33
3000, 36
3001, 41
3002, 39
3003, 51
3004, 46
3005, 40
3006, 34
3007, 25
3008, 29
3009, 47
3010, 48
3011, 39
3012, 31
3013, 34
3014, 36
3015, 33
3016, 38
3017, 41
3018, 40
3019, 43
3020, 41
3021, 40
3022, 49
3023, 53
3024, 46
3025, 43
3026, 42
3027, 38
3028, 39
3029, 41
3030, 39
3031, 38
3032, 36
3033, 37
3034, 40
3035, 43
3036, 50
3037, 53
3038, 45
3039, 40
3040, 42
3041, 37
3042, 35
3043, 43
3044, 40
3045, 46
3046, 48
3047, 51
3048, 46
3049, 41
3050, 39
3051, 40
3052, 31
3053, 30
3054, 33
3055, 39
3056, 42
3057, 35
3058, 37
3059, 43
3060, 51
3061, 49
3062, 40
3063, 36
3064, 41
3065, 47
3066, 51
3067, 48
3068, 37
3069, 45
3070, 47
3071, 44
3072, 40
3073, 37
3074, 39
3075, 48
3076, 40
3077, 38
3078, 46
3079, 45
3080, 41
3081, 36
3082, 31
3083, 33
3084, 43
3085, 52
3086, 38
3087, 33
3088, 37
3089, 39
3090, 45
3091, 46
3092, 43
3093, 41
3094, 44
3095, 37
3096, 42
3097, 46
3098, 40
3099, 34
3100, 30
3101, 40
3102, 45
3103, 38
3104, 37
3105, 38
3106, 51
3107, 47
3108, 46
3109, 40
3110, 48
3111, 45
3112, 43
3113, 35
3114, 43
3115, 37
3116, 33
3117, 33
3118, 38
3119, 41
3120, 37
3121, 29
3122, 32
3123, 39
3124, 49
3125, 54
3126, 47
3127, 35
3128, 36
3129, 39
3130, 29
3131, 36
3132, 46
3133, 37
3134, 30
3135, 34
3136, 40
3137, 45
3138, 47
3139, 52
3140, 47
3141, 40
3142, 35
3143, 43
3144, 44
3145, 37
3146, 31
3147, 31
3148, 34
3149, 46
3150, 45
3151, 44
3152, 43
3153, 36
3154, 36
3155, 32
3156, 31
3157, 32
3158, 37
3159, 40
3160, 45
3161, 47
3162, 43
3163, 44
3164, 42
3165, 48
3166, 43
3167, 41
3168, 52
3169, 49
3170, 50
3171, 45
3172, 44
3173, 39
3174, 43
3175, 50
3176, 50
3177, 48
3178, 49
3179, 48
3180, 42
3181, 40
3182, 40
3183, 37
3184, 33
3185, 38
3186, 39
3187, 40
3188, 47
3189, 50
3190, 45
3191, 40
3192, 42
3193, 41
3194, 44
3195, 41
3196, 43
3197, 49
3198, 45
3199, 38
3200, 40
3201, 39
3202, 40
3203, 27
3204, 36
3205, 39
3206, 40
3207, 42
3208, 41
3209, 37
3210, 32
3211, 44
3212, 44
3213, 40
3214, 38
3215, 30
3216, 34
3217, 38
3218, 44
3219, 37
3220, 29
3221, 25
3222, 32
3223, 45
3224, 48
3225, 47
3226, 41
3227, 40
3228, 38
3229, 42
3230, 42
3231, 39
3232, 37
3233, 47
3234, 49
3235, 41
3236, 35
3237, 35
3238, 41
3239, 35
3240, 29
3241, 35
3242, 51
3243, 48
3244, 37
3245, 30
3246, 34
3247, 43
3248, 45
3249, 47
3250, 37
3251, 34
3252, 32
3253, 33
3254, 36
3255, 37
3256, 42
3257, 44
3258, 41
3259, 38
3260, 39
3261, 35
3262, 45
3263, 48
3264, 45
3265, 39
3266, 42
3267, 44
3268, 48
3269, 45
3270, 46
3271, 40
3272, 41
3273, 38
3274, 32
3275, 34
3276, 44
3277, 48
3278, 42
3279, 45
3280, 42
3281, 42
3282, 45
3283, 44
3284, 42
3285, 39
3286, 37
3287, 38
3288, 32
3289, 34
3290, 37
3291, 36
3292, 35
3293, 34
3294, 36
3295, 35
3296, 34
3297, 37
3298, 29
3299, 38
3300, 39
3301, 52
3302, 44
3303, 35
3304, 35
3305, 38
3306, 43
3307, 44
3308, 38
3309, 40
3310, 32
3311, 35
3312, 31
3313, 30
3314, 30
3315, 30
3316, 44
3317, 41
3318, 42
3319, 42
3320, 43
3321, 42
3322, 41
3323, 39
3324, 39
3325, 38
3326, 35
3327, 31
3328, 34
3329, 38
3330, 36
3331, 35
3332, 40
3333, 40
3334, 40
3335, 37
3336, 34
3337, 32
3338, 35
3339, 36
3340, 31
3341, 31
3342, 37
3343, 33
3344, 36
3345, 31
3346, 36
3347, 43
3348, 35
3349, 37
3350, 33
3351, 29
3352, 31
3353, 34
3354, 42
3355, 42
3356, 47
3357, 37
3358, 28
3359, 34
3360, 44
3361, 45
3362, 41
3363, 42
3364, 46
3365, 40
3366, 37
3367, 35
3368, 36
3369, 34
3370, 28
3371, 28
3372, 38
3373, 52
3374, 44
3375, 37
3376, 37
3377, 37
3378, 43
3379, 45
3380, 35
3381, 39
3382, 39
3383, 35
3384, 36
3385, 42
3386, 38
3387, 38
3388, 38
3389, 39
3390, 34
3391, 45
3392, 46
3393, 43
3394, 40
3395, 42
3396, 51
3397, 49
3398, 39
3399, 31
3400, 34
3401, 39
3402, 35
3403, 31
3404, 31
3405, 32
3406, 36
3407, 39
3408, 48
3409, 38
3410, 31
3411, 32
3412, 35
3413, 33
3414, 33
3415, 42
3416, 47
3417, 47
3418, 43
3419, 35
3420, 29
3421, 34
3422, 42
3423, 39
3424, 34
3425, 33
3426, 32
3427, 36
3428, 31
3429, 31
3430, 32
3431, 39
3432, 36
3433, 46
3434, 47
3435, 33
3436, 28
3437, 34
3438, 36
3439, 38
3440, 42
3441, 38
3442, 32
3443, 31
3444, 42
3445, 39
3446, 37
3447, 41
3448, 45
3449, 42
3450, 29
3451, 39
3452, 37
3453, 43
3454, 46
3455, 51
3456, 47
3457, 47
3458, 39
3459, 35
3460, 29
3461, 39
3462, 41
3463, 41
3464, 38
3465, 48
3466, 34
3467, 39
3468, 40
3469, 40
3470, 37
3471, 41
3472, 43
3473, 40
3474, 41
3475, 40
3476, 35
3477, 32
3478, 38
3479, 36
3480, 42
3481, 40
3482, 37
3483, 43
3484, 44
3485, 51
3486, 46
3487, 44
3488, 47
3489, 38
3490, 34
3491, 37
3492, 39
3493, 46
3494, 46
3495, 48
3496, 44
3497, 43
3498, 38
3499, 38
3500, 35
3501, 36
3502, 43
3503, 49
3504, 47
3505, 39
3506, 40
3507, 50
3508, 58
3509, 41
3510, 33
3511, 36
3512, 31
3513, 31
3514, 31
3515, 41
3516, 37
3517, 41
3518, 37
3519, 38
3520, 33
3521, 27
3522, 28
3523, 41
3524, 49
3525, 47
3526, 42
3527, 34
3528, 30
3529, 38
3530, 48
3531, 41
3532, 43
3533, 40
3534, 31
3535, 30
3536, 48
3537, 47
3538, 48
3539, 46
3540, 46
3541, 42
3542, 41
3543, 40
3544, 38
3545, 44
3546, 42
3547, 39
3548, 32
3549, 33
3550, 35
3551, 37
3552, 40
3553, 43
3554, 38
3555, 35
3556, 32
3557, 35
3558, 33
3559, 39
3560, 37
3561, 32
3562, 37
3563, 52
3564, 48
3565, 42
3566, 40
3567, 37
3568, 35
3569, 45
3570, 46
3571, 36
3572, 30
3573, 31
3574, 35
3575, 41
3576, 41
3577, 30
3578, 31
3579, 35
3580, 32
3581, 41
3582, 40
3583, 37
3584, 42
3585, 37
3586, 41
3587, 47
3588, 40
3589, 37
3590, 46
3591, 39
3592, 38
3593, 43
3594, 50
3595, 47
3596, 42
3597, 42
3598, 50
3599, 48
3600, 46
3601, 31
3602, 30
3603, 38
3604, 44
3605, 40
3606, 31
3607, 33
3608, 29
3609, 44
3610, 50
3611, 44
3612, 40
3613, 34
3614, 39
3615, 41
3616, 37
3617, 38
3618, 53
3619, 47
3620, 43
3621, 41
3622, 40
3623, 38
3624, 39
3625, 25
3626, 31
3627, 37
3628, 37
3629, 35
3630, 33
3631, 33
3632, 38
3633, 45
3634, 53
3635, 46
3636, 35
3637, 44
3638, 40
3639, 45
3640, 44
3641, 43
3642, 34
3643, 37
3644, 36
3645, 27
3646, 37
3647, 42
3648, 39
3649, 41
3650, 35
3651, 33
3652, 45
3653, 44
3654, 44
3655, 46
3656, 47
3657, 38
3658, 29
3659, 17
3660, 31
3661, 41
3662, 51
3663, 47
3664, 40
3665, 38
3666, 42
3667, 41
3668, 44
3669, 48
3670, 46
3671, 46
3672, 42
3673, 43
3674, 39
3675, 43
3676, 40
3677, 41
3678, 35
3679, 43
3680, 48
3681, 49
3682, 47
3683, 45
3684, 47
3685, 47
3686, 52
3687, 60
3688, 54
3689, 44
3690, 38
3691, 40
3692, 42
3693, 44
3694, 44
3695, 46
3696, 43
3697, 46
3698, 49
3699, 39
3700, 41
3701, 48
3702, 53
3703, 45
3704, 40
3705, 45
3706, 49
3707, 51
3708, 39
3709, 44
3710, 40
3711, 54
3712, 49
3713, 37
3714, 42
3715, 54
3716, 43
3717, 38
3718, 33
3719, 34
3720, 38
3721, 39
3722, 40
3723, 40
3724, 48
3725, 43
3726, 43
3727, 29
3728, 33
3729, 30
3730, 38
3731, 40
3732, 44
3733, 41
3734, 40
3735, 37
3736, 40
3737, 48
3738, 49
3739, 53
3740, 54
3741, 46
3742, 43
3743, 34
3744, 39
3745, 43
3746, 46
3747, 35
3748, 27
3749, 28
3750, 31
3751, 36
3752, 39
3753, 40
3754, 39
3755, 32
3756, 31
3757, 41
3758, 42
3759, 34
3760, 30
3761, 38
3762, 45
3763, 40
3764, 31
3765, 32
3766, 41
3767, 49
3768, 54
3769, 48
3770, 51
3771, 41
3772, 36
3773, 40
3774, 50
3775, 57
3776, 56
3777, 42
3778, 38
3779, 38
3780, 47
3781, 46
3782, 48
3783, 42
3784, 42
3785, 49
3786, 43
3787, 43
3788, 38
3789, 40
3790, 40
3791, 35
3792, 31
3793, 30
3794, 28
3795, 39
3796, 41
3797, 42
3798, 43
3799, 37
3800, 41
3801, 44
3802, 47
3803, 45
3804, 42
3805, 44
3806, 33
3807, 30
3808, 32
3809, 29
3810, 32
3811, 43
3812, 45
3813, 44
3814, 40
3815, 46
3816, 37
3817, 38
3818, 35
3819, 45
3820, 50
3821, 48
3822, 51
3823, 39
3824, 38
3825, 36
3826, 38
3827, 35
3828, 41
3829, 44
3830, 55
3831, 45
3832, 48
3833, 35
3834, 33
3835, 28
3836, 32
3837, 32
3838, 35
3839, 34
3840, 30
3841, 25
3842, 29
3843, 29
3844, 43
3845, 51
3846, 53
3847, 48
3848, 46
3849, 43
3850, 52
3851, 47
3852, 44
3853, 38
3854, 39
3855, 33
3856, 39
3857, 38
3858, 33
3859, 33
3860, 33
3861, 31
3862, 38
3863, 44
3864, 42
3865, 41
3866, 45
3867, 39
3868, 39
3869, 42
3870, 51
3871, 49
3872, 46
3873, 43
3874, 51
3875, 49
3876, 41
3877, 42
3878, 39
3879, 23
3880, 23
3881, 36
3882, 39
3883, 40
3884, 40
3885, 40
3886, 38
3887, 31
3888, 41
3889, 47
3890, 39
3891, 40
3892, 45
3893, 44
3894, 39
3895, 41
3896, 47
3897, 48
3898, 45
3899, 40
3900, 54
3901, 54
3902, 42
3903, 36
3904, 33
3905, 41
3906, 46
3907, 42
3908, 35
3909, 25
3910, 33
3911, 39
3912, 42
3913, 39
3914, 37
3915, 42
3916, 43
3917, 42
3918, 42
3919, 46
3920, 56
3921, 47
3922, 54
3923, 46
3924, 49
3925, 38
3926, 42
3927, 41
3928, 28
3929, 38
3930, 42
3931, 40
3932, 50
3933, 49
3934, 45
3935, 49
3936, 39
3937, 39
3938, 36
3939, 41
3940, 40
3941, 45
3942, 50
3943, 45
3944, 43
3945, 38
3946, 31
3947, 35
3948, 48
3949, 49
3950, 45
3951, 39
3952, 28
3953, 28
3954, 34
3955, 38
3956, 34
3957, 34
3958, 37
3959, 40
3960, 30
3961, 31
3962, 44
3963, 50
3964, 49
3965, 46
3966, 41
3967, 35
3968, 39
3969, 42
3970, 37
3971, 47
3972, 40
3973, 33
3974, 39
3975, 48
3976, 50
3977, 41
3978, 42
3979, 33
3980, 30
3981, 31
3982, 29
3983, 27
3984, 30
3985, 39
3986, 45
3987, 39
3988, 40
3989, 42
3990, 40
3991, 30
3992, 25
3993, 26
3994, 34
3995, 32
3996, 37
3997, 43
3998, 43
3999, 42
