0, 93
1, 189
2, 280
3, 360
4, 452
5, 528
6, 617
7, 699
8, 799
9, 882
10, 869
11, 860
12, 853
13, 856
14, 831
15, 837
16, 829
17, 807
18, 771
19, 766
20, 765
21, 771
22, 768
23, 764
24, 788
25, 784
26, 784
27, 802
28, 829
29, 825
30, 826
31, 811
32, 803
33, 806
34, 801
35, 797
36, 818
37, 831
38, 825
39, 831
40, 832
41, 832
42, 824
43, 839
44, 835
45, 855
46, 832
47, 825
48, 802
49, 798
50, 792
51, 795
52, 802
53, 788
54, 797
55, 788
56, 784
57, 777
58, 805
59, 802
60, 809
61, 801
62, 792
63, 785
64, 779
65, 797
66, 797
67, 792
68, 792
69, 795
70, 800
71, 796
72, 821
73, 811
74, 808
75, 774
76, 772
77, 799
78, 799
79, 811
80, 788
81, 807
82, 809
83, 820
84, 826
85, 841
86, 835
87, 804
88, 801
89, 796
90, 820
91, 811
92, 800
93, 802
94, 785
95, 776
96, 778
97, 778
98, 791
99, 795
100, 800
101, 819
102, 814
103, 807
104, 805
105, 830
106, 851
107, 867
108, 840
109, 834
110, 806
111, 779
112, 771
113, 768
114, 777
115, 757
116, 751
117, 763
118, 768
119, 788
120, 802
121, 807
122, 821
123, 833
124, 832
125, 822
126, 823
127, 805
128, 789
129, 767
130, 762
131, 761
132, 768
133, 771
134, 781
135, 796
136, 797
137, 801
138, 828
139, 825
140, 826
141, 838
142, 820
143, 816
144, 806
145, 792
146, 785
147, 769
148, 768
149, 772
150, 785
151, 775
152, 791
153, 784
154, 790
155, 796
156, 803
157, 815
158, 818
159, 818
160, 817
161, 809
162, 801
163, 806
164, 815
165, 835
166, 830
167, 821
168, 811
169, 810
170, 801
171, 809
172, 811
173, 811
174, 801
175, 780
176, 800
177, 820
178, 810
179, 800
180, 812
181, 813
182, 817
183, 824
184, 810
185, 805
186, 791
187, 786
188, 793
189, 795
190, 780
191, 776
192, 758
193, 747
194, 746
195, 745
196, 733
197, 740
198, 739
199, 749
200, 746
201, 748
202, 769
203, 773
204, 795
205, 778
206, 774
207, 756
208, 754
209, 739
210, 737
211, 741
212, 724
213, 739
214, 735
215, 765
216, 780
217, 776
218, 770
219, 787
220, 780
221, 780
222, 804
223, 793
224, 780
225, 786
226, 782
227, 786
228, 803
229, 800
230, 834
231, 830
232, 809
233, 809
234, 804
235, 812
236, 809
237, 812
238, 800
239, 806
240, 791
241, 796
242, 804
243, 820
244, 829
245, 811
246, 788
247, 779
248, 789
249, 780
250, 769
251, 759
252, 766
253, 746
254, 758
255, 759
256, 792
257, 819
258, 813
259, 816
260, 837
261, 846
262, 850
263, 839
264, 826
265, 837
266, 839
267, 814
268, 816
269, 803
270, 792
271, 800
272, 794
273, 802
274, 817
275, 799
276, 791
277, 812
278, 805
279, 812
280, 809
281, 799
282, 784
283, 800
284, 794
285, 822
286, 819
287, 813
288, 822
289, 819
290, 837
291, 845
292, 877
293, 864
294, 853
295, 839
296, 847
297, 826
298, 838
299, 848
300, 832
301, 832
302, 812
303, 807
304, 814
305, 801
306, 789
307, 796
308, 767
309, 751
310, 732
311, 733
312, 734
313, 738
314, 731
315, 736
316, 738
317, 752
318, 755
319, 764
320, 769
321, 757
322, 759
323, 766
324, 778
325, 763
326, 749
327, 745
328, 753
329, 763
330, 780
331, 793
332, 791
333, 781
334, 765
335, 778
336, 815
337, 810
338, 805
339, 791
340, 775
341, 759
342, 769
343, 805
344, 810
345, 808
346, 779
347, 784
348, 800
349, 817
350, 835
351, 837
352, 823
353, 792
354, 800
355, 811
356, 824
357, 809
358, 810
359, 800
360, 812
361, 830
362, 826
363, 836
364, 827
365, 810
366, 804
367, 818
368, 814
369, 818
370, 808
371, 777
372, 780
373, 778
374, 801
375, 811
376, 821
377, 821
378, 820
379, 814
380, 795
381, 823
382, 822
383, 797
384, 781
385, 787
386, 767
387, 759
388, 763
389, 758
390, 748
391, 719
392, 718
393, 731
394, 727
395, 715
396, 707
397, 714
398, 703
399, 709
400, 720
401, 741
402, 758
403, 785
404, 802
405, 802
406, 822
407, 834
408, 836
409, 843
410, 845
411, 842
412, 841
413, 818
414, 810
415, 823
416, 818
417, 803
418, 812
419, 813
420, 820
421, 817
422, 804
423, 817
424, 826
425, 812
426, 822
427, 838
428, 831
429, 825
430, 811
431, 818
432, 806
433, 797
434, 779
435, 779
436, 776
437, 769
438, 759
439, 765
440, 783
441, 791
442, 797
443, 787
444, 790
445, 804
446, 801
447, 794
448, 810
449, 801
450, 806
451, 798
452, 806
453, 817
454, 839
455, 837
456, 819
457, 824
458, 816
459, 803
460, 817
461, 815
462, 819
463, 814
464, 795
465, 804
466, 834
467, 832
468, 840
469, 867
470, 854
471, 851
472, 838
473, 842
474, 841
475, 806
476, 800
477, 810
478, 816
479, 805
480, 813
481, 819
482, 820
483, 825
484, 814
485, 830
486, 822
487, 813
488, 783
489, 789
490, 757
491, 766
492, 762
493, 748
494, 755
495, 749
496, 757
497, 767
498, 770
499, 774
500, 790
501, 785
502, 786
503, 779
504, 756
505, 773
506, 768
507, 754
508, 751
509, 754
510, 754
511, 759
512, 784
513, 808
514, 849
515, 843
516, 832
517, 830
518, 843
519, 845
520, 851
521, 830
522, 819
523, 809
524, 810
525, 813
526, 821
527, 834
528, 870
529, 841
530, 837
531, 849
532, 846
533, 860
534, 837
535, 841
536, 839
537, 845
538, 809
539, 824
540, 814
541, 820
542, 822
543, 826
544, 829
545, 824
546, 838
547, 825
548, 824
549, 824
550, 830
551, 820
552, 811
553, 784
554, 768
555, 773
556, 768
557, 769
558, 782
559, 786
560, 780
561, 782
562, 793
563, 794
564, 810
565, 819
566, 804
567, 800
568, 780
569, 768
570, 768
571, 768
572, 771
573, 776
574, 783
575, 767
576, 770
577, 775
578, 788
579, 786
580, 787
581, 793
582, 800
583, 793
584, 798
585, 798
586, 816
587, 808
588, 805
589, 809
590, 816
591, 810
592, 795
593, 809
594, 816
595, 831
596, 830
597, 839
598, 840
599, 841
600, 859
601, 864
602, 878
603, 874
604, 868
605, 845
606, 827
607, 831
608, 822
609, 816
610, 787
611, 784
612, 774
613, 767
614, 756
615, 775
616, 775
617, 785
618, 787
619, 786
620, 791
621, 789
622, 781
623, 790
624, 779
625, 780
626, 794
627, 785
628, 777
629, 790
630, 812
631, 815
632, 815
633, 823
634, 837
635, 828
636, 830
637, 826
638, 833
639, 835
640, 827
641, 819
642, 817
643, 818
644, 828
645, 826
646, 815
647, 804
648, 816
649, 801
650, 791
651, 788
652, 815
653, 809
654, 791
655, 789
656, 789
657, 798
658, 798
659, 815
660, 832
661, 850
662, 841
663, 839
664, 860
665, 875
666, 875
667, 864
668, 851
669, 843
670, 803
671, 799
672, 783
673, 784
674, 760
675, 747
676, 745
677, 752
678, 767
679, 773
680, 776
681, 764
682, 777
683, 768
684, 786
685, 785
686, 788
687, 808
688, 792
689, 788
690, 803
691, 809
692, 798
693, 805
694, 800
695, 788
696, 775
697, 743
698, 759
699, 757
700, 772
701, 776
702, 773
703, 776
704, 784
705, 810
706, 812
707, 821
708, 838
709, 836
710, 827
711, 827
712, 848
713, 843
714, 847
715, 825
716, 829
717, 839
718, 824
719, 841
720, 859
721, 857
722, 852
723, 852
724, 835
725, 848
726, 856
727, 840
728, 831
729, 804
730, 782
731, 767
732, 755
733, 765
734, 759
735, 758
736, 761
737, 754
738, 747
739, 762
740, 764
741, 773
742, 780
743, 779
744, 779
745, 782
746, 786
747, 792
748, 797
749, 796
750, 815
751, 811
752, 813
753, 804
754, 805
755, 805
756, 812
757, 818
758, 818
759, 822
760, 809
761, 808
762, 801
763, 798
764, 817
765, 822
766, 821
767, 816
768, 809
769, 798
770, 790
771, 796
772, 798
773, 817
774, 801
775, 782
776, 769
777, 782
778, 798
779, 807
780, 814
781, 822
782, 830
783, 821
784, 821
785, 821
786, 831
787, 814
788, 804
789, 796
790, 783
791, 770
792, 754
793, 738
794, 736
795, 747
796, 737
797, 765
798, 781
799, 796
800, 798
801, 821
802, 838
803, 843
804, 848
805, 838
806, 836
807, 831
808, 825
809, 817
810, 846
811, 837
812, 836
813, 844
814, 835
815, 846
816, 833
817, 838
818, 850
819, 844
820, 818
821, 816
822, 808
823, 779
824, 791
825, 790
826, 804
827, 785
828, 782
829, 788
830, 796
831, 801
832, 805
833, 837
834, 842
835, 836
836, 857
837, 858
838, 843
839, 835
840, 817
841, 810
842, 813
843, 806
844, 807
845, 813
846, 803
847, 785
848, 798
849, 815
850, 854
851, 850
852, 838
853, 834
854, 846
855, 851
856, 850
857, 866
858, 849
859, 838
860, 802
861, 819
862, 841
863, 854
864, 838
865, 827
866, 829
867, 818
868, 836
869, 838
870, 862
871, 843
872, 816
873, 826
874, 815
875, 824
876, 823
877, 831
878, 850
879, 848
880, 848
881, 856
882, 872
883, 854
884, 857
885, 859
886, 858
887, 879
888, 840
889, 851
890, 829
891, 820
892, 814
893, 796
894, 797
895, 784
896, 783
897, 767
898, 783
899, 769
900, 785
901, 773
902, 763
903, 774
904, 776
905, 783
906, 757
907, 754
908, 739
909, 745
910, 735
911, 728
912, 729
913, 734
914, 740
915, 734
916, 751
917, 761
918, 765
919, 752
920, 760
921, 777
922, 786
923, 783
924, 784
925, 780
926, 771
927, 776
928, 802
929, 815
930, 819
931, 823
932, 817
933, 818
934, 802
935, 808
936, 812
937, 813
938, 785
939, 785
940, 788
941, 802
942, 818
943, 812
944, 831
945, 830
946, 815
947, 812
948, 814
949, 818
950, 807
951, 811
952, 791
953, 799
954, 789
955, 790
956, 794
957, 791
958, 783
959, 774
960, 759
961, 729
962, 729
963, 724
964, 716
965, 714
966, 761
967, 757
968, 774
969, 778
970, 794
971, 792
972, 789
973, 786
974, 797
975, 819
976, 789
977, 794
978, 789
979, 788
980, 788
981, 806
982, 835
983, 845
984, 842
985, 807
986, 795
987, 784
988, 794
989, 813
990, 825
991, 817
992, 795
993, 787
994, 793
995, 804
996, 824
997, 828
998, 817
999, 801
